	subjID	trial	choice	outcome
1	1	1	4	33
2	1	2	3	84
3	1	3	3	88
4	1	4	2	36
5	1	5	1	67
6	1	6	2	28
7	1	7	1	74
8	1	8	1	76
9	1	9	1	79
10	1	10	1	84
11	1	11	1	82
12	1	12	3	87
13	1	13	3	85
14	1	14	4	48
15	1	15	1	79
16	1	16	3	76
17	1	17	3	73
18	1	18	1	75
19	1	19	1	71
20	1	20	3	61
21	1	21	3	60
22	1	22	1	72
23	1	23	1	66
24	1	24	1	61
25	1	25	4	42
26	1	26	2	41
27	1	27	1	57
28	1	28	4	32
29	1	29	3	67
30	1	30	1	57
31	1	31	1	58
32	1	32	3	71
33	1	33	3	66
34	1	34	2	41
35	1	35	1	70
36	1	36	1	73
37	1	37	1	74
38	1	38	4	45
39	1	39	1	72
40	1	40	1	73
41	1	41	1	70
42	1	42	1	66
43	1	43	1	69
44	1	44	4	42
45	1	45	3	58
46	1	46	1	68
47	1	47	2	53
48	1	48	3	58
49	1	49	4	50
50	1	50	1	73
51	1	51	3	65
52	1	52	2	44
53	1	53	3	64
54	1	54	4	44
55	1	55	2	41
56	1	56	1	61
57	1	57	1	56
58	1	58	4	44
59	1	59	1	51
60	1	60	1	55
61	1	61	4	47
62	1	62	4	48
63	1	63	1	59
64	1	64	3	55
65	1	65	3	44
66	1	66	1	59
67	1	67	2	25
68	1	68	1	59
69	1	69	2	31
70	1	70	3	45
71	1	71	1	58
72	1	72	1	56
73	1	73	1	58
74	1	74	3	51
75	1	75	4	52
76	1	76	1	55
77	1	77	4	56
78	1	78	4	55
79	1	79	1	54
80	1	80	1	50
81	1	81	3	58
82	1	82	1	53
83	1	83	1	51
84	1	84	2	31
85	1	85	3	58
86	1	86	4	55
87	1	87	4	55
88	1	88	3	59
89	1	89	1	50
90	1	90	1	54
91	1	91	1	53
92	1	92	4	52
93	1	93	3	57
94	1	94	4	60
95	1	95	4	60
96	1	96	4	58
97	1	97	4	60
98	1	98	4	55
99	1	99	4	56
100	1	100	4	59
101	1	101	2	36
102	1	102	4	59
103	1	103	3	48
104	1	104	2	41
105	1	105	4	62
106	1	106	4	62
107	1	107	1	44
108	1	108	2	48
109	1	109	4	66
110	1	110	2	53
111	1	111	3	56
112	1	112	2	56
113	1	113	2	61
114	1	114	3	49
115	1	115	2	58
116	1	116	4	68
117	1	117	2	54
118	1	118	3	49
119	1	119	4	70
120	1	120	4	69
121	1	121	4	73
122	1	122	4	77
123	1	123	2	54
124	1	124	4	70
125	1	125	1	49
126	1	126	4	69
127	1	127	1	50
128	1	128	2	63
129	1	129	1	55
130	1	130	2	57
131	1	131	3	53
132	1	132	2	57
133	1	133	4	85
134	1	134	4	85
135	1	135	4	88
136	1	136	4	82
137	1	137	2	62
138	1	138	4	75
139	1	139	3	61
140	1	140	3	61
141	1	141	3	62
142	1	142	4	77
143	1	143	2	66
144	1	144	3	59
145	1	145	4	74
146	1	146	4	79
147	1	147	4	79
148	1	148	1	73
149	1	149	4	76
150	1	150	4	76
151	1	151	4	78
152	1	152	4	77
153	1	153	4	78
154	1	154	2	66
155	1	155	4	80
156	1	156	4	74
157	1	157	1	69
158	1	158	4	69
159	1	159	4	73
160	1	160	3	70
161	1	161	3	67
162	1	162	1	69
163	1	163	1	71
164	1	164	2	79
165	1	165	1	68
166	1	166	2	82
167	1	167	2	84
168	1	168	2	86
169	1	169	2	84
170	1	170	2	82
171	1	171	2	84
172	1	172	2	85
173	1	173	2	82
174	1	174	3	76
175	1	175	1	62
176	1	176	2	85
177	1	177	3	74
178	1	178	3	70
179	1	179	3	69
180	1	180	2	86
181	1	181	3	60
182	1	182	2	89
183	1	183	2	86
184	1	184	2	81
185	1	185	2	80
186	1	186	3	64
187	1	187	3	67
188	1	188	2	86
189	1	189	1	56
190	1	190	2	91
191	1	191	2	91
192	1	192	4	55
193	1	193	2	87
194	1	194	4	52
195	1	195	2	85
196	1	196	3	63
197	1	197	2	92
198	1	198	2	90
199	1	199	2	90
200	1	200	3	56
201	1	201	2	89
202	1	202	3	60
203	1	203	3	60
204	1	204	2	88
205	1	205	2	84
206	1	206	2	86
207	1	207	3	53
208	1	208	2	81
209	1	209	2	82
210	1	210	3	63
211	1	211	2	78
212	1	212	1	57
213	1	213	2	80
214	1	214	4	48
215	1	215	4	44
216	1	216	3	61
217	1	217	3	64
218	1	218	4	40
219	1	219	3	67
220	1	220	4	39
221	1	221	1	60
222	1	222	1	59
223	1	223	3	68
224	1	224	2	73
225	1	225	3	70
226	1	226	2	70
227	1	227	2	70
228	1	228	3	77
229	1	229	2	74
230	1	230	1	62
231	1	231	3	82
232	1	232	4	29
233	1	233	4	29
234	1	234	4	34
235	1	235	3	73
236	1	236	2	71
237	1	237	2	67
238	1	238	2	61
239	1	239	2	60
240	1	240	1	76
241	1	241	1	70
242	1	242	2	60
243	1	243	2	57
244	1	244	1	71
245	1	245	1	69
246	1	246	1	67
247	1	247	3	58
248	1	248	3	55
249	1	249	2	50
250	1	250	1	62
251	1	251	2	52
252	1	252	4	47
253	1	253	2	54
254	1	254	3	50
255	1	255	2	53
256	1	256	1	66
257	1	257	4	51
258	1	258	1	65
259	1	259	3	50
260	1	260	2	50
261	1	261	3	51
262	1	262	2	47
263	1	263	1	60
264	1	264	3	52
265	1	265	4	47
266	1	266	2	32
267	1	267	3	56
268	1	268	4	46
269	1	269	1	63
270	1	270	4	43
271	1	271	2	24
272	1	272	2	27
273	1	273	1	63
274	1	274	1	61
275	1	275	4	40
276	1	276	1	65
277	1	277	1	69
278	1	278	3	70
279	1	279	2	25
280	1	280	1	71
281	1	281	1	73
282	1	282	3	62
283	1	283	3	69
284	1	284	3	65
285	1	285	1	72
286	1	286	3	63
287	1	287	1	75
288	1	288	3	68
289	1	289	2	28
290	1	290	3	61
291	1	291	3	64
292	1	292	3	63
293	1	293	4	36
294	1	294	3	58
295	1	295	2	35
296	1	296	1	64
297	1	297	3	67
298	1	298	3	68
299	1	299	3	66
300	1	300	3	64
301	2	1	1	62
302	2	2	4	34
303	2	3	2	36
304	2	4	3	88
305	2	5	3	91
306	2	6	3	97
307	2	7	3	94
308	2	8	3	94
309	2	9	3	93
310	2	10	3	93
311	2	11	3	88
312	2	12	3	87
313	2	13	3	85
314	2	14	3	85
315	2	15	3	81
316	2	16	3	76
317	2	17	3	73
318	2	18	3	65
319	2	19	3	64
320	2	20	3	61
321	2	21	3	60
322	2	22	1	72
323	2	23	1	66
324	2	24	1	61
325	2	25	1	62
326	2	26	1	61
327	2	27	3	62
328	2	28	2	43
329	2	29	1	56
330	2	30	3	68
331	2	31	3	68
332	2	32	1	62
333	2	33	4	41
334	2	34	3	64
335	2	35	1	70
336	2	36	1	73
337	2	37	1	74
338	2	38	1	74
339	2	39	1	72
340	2	40	3	59
341	2	41	1	70
342	2	42	1	66
343	2	43	1	69
344	2	44	1	69
345	2	45	2	46
346	2	46	1	68
347	2	47	1	70
348	2	48	1	70
349	2	49	1	72
350	2	50	1	73
351	2	51	1	70
352	2	52	3	61
353	2	53	3	64
354	2	54	3	64
355	2	55	1	66
356	2	56	1	61
357	2	57	1	56
358	2	58	1	53
359	2	59	1	51
360	2	60	3	58
361	2	61	4	47
362	2	62	3	60
363	2	63	3	57
364	2	64	3	55
365	2	65	3	44
366	2	66	1	59
367	2	67	3	44
368	2	68	1	59
369	2	69	4	50
370	2	70	1	59
371	2	71	1	58
372	2	72	1	56
373	2	73	2	20
374	2	74	1	59
375	2	75	4	52
376	2	76	4	55
377	2	77	1	53
378	2	78	3	61
379	2	79	3	58
380	2	80	3	57
381	2	81	3	58
382	2	82	3	56
383	2	83	4	57
384	2	84	3	58
385	2	85	4	57
386	2	86	3	58
387	2	87	3	59
388	2	88	1	51
389	2	89	4	61
390	2	90	3	54
391	2	91	3	50
392	2	92	1	47
393	2	93	4	57
394	2	94	3	62
395	2	95	1	49
396	2	96	3	61
397	2	97	1	46
398	2	98	4	55
399	2	99	1	42
400	2	100	3	55
401	2	101	3	53
402	2	102	2	39
403	2	103	1	43
404	2	104	4	57
405	2	105	3	50
406	2	106	4	62
407	2	107	1	44
408	2	108	4	63
409	2	109	4	66
410	2	110	4	71
411	2	111	4	71
412	2	112	4	67
413	2	113	4	66
414	2	114	4	69
415	2	115	4	72
416	2	116	4	68
417	2	117	4	70
418	2	118	4	71
419	2	119	4	70
420	2	120	4	69
421	2	121	4	73
422	2	122	4	77
423	2	123	4	72
424	2	124	4	70
425	2	125	4	68
426	2	126	4	69
427	2	127	4	72
428	2	128	4	75
429	2	129	2	58
430	2	130	4	80
431	2	131	4	81
432	2	132	4	84
433	2	133	4	85
434	2	134	4	85
435	2	135	4	88
436	2	136	4	82
437	2	137	4	80
438	2	138	4	75
439	2	139	4	73
440	2	140	4	75
441	2	141	4	76
442	2	142	4	77
443	2	143	4	77
444	2	144	4	77
445	2	145	4	74
446	2	146	4	79
447	2	147	4	79
448	2	148	4	79
449	2	149	4	76
450	2	150	4	76
451	2	151	4	78
452	2	152	4	77
453	2	153	4	78
454	2	154	4	76
455	2	155	4	80
456	2	156	4	74
457	2	157	4	72
458	2	158	4	69
459	2	159	4	73
460	2	160	2	76
461	2	161	2	76
462	2	162	4	68
463	2	163	2	78
464	2	164	2	79
465	2	165	2	82
466	2	166	2	82
467	2	167	2	84
468	2	168	2	86
469	2	169	2	84
470	2	170	2	82
471	2	171	2	84
472	2	172	2	85
473	2	173	2	82
474	2	174	2	84
475	2	175	2	84
476	2	176	2	85
477	2	177	2	88
478	2	178	2	90
479	2	179	2	87
480	2	180	2	86
481	2	181	2	86
482	2	182	2	89
483	2	183	2	86
484	2	184	2	81
485	2	185	2	80
486	2	186	2	77
487	2	187	2	81
488	2	188	2	86
489	2	189	2	85
490	2	190	2	91
491	2	191	2	91
492	2	192	2	87
493	2	193	2	87
494	2	194	2	83
495	2	195	4	51
496	2	196	2	91
497	2	197	2	92
498	2	198	2	90
499	2	199	2	90
500	2	200	2	91
501	2	201	2	89
502	2	202	2	88
503	2	203	2	90
504	2	204	2	88
505	2	205	2	84
506	2	206	2	86
507	2	207	2	81
508	2	208	2	81
509	2	209	2	82
510	2	210	2	81
511	2	211	2	78
512	2	212	2	78
513	2	213	2	80
514	2	214	2	80
515	2	215	2	80
516	2	216	2	81
517	2	217	2	78
518	2	218	2	80
519	2	219	2	78
520	2	220	2	76
521	2	221	2	78
522	2	222	2	74
523	2	223	2	73
524	2	224	2	73
525	2	225	2	73
526	2	226	2	70
527	2	227	2	70
528	2	228	2	74
529	2	229	2	74
530	2	230	2	76
531	2	231	2	74
532	2	232	2	75
533	2	233	2	73
534	2	234	2	73
535	2	235	2	69
536	2	236	2	71
537	2	237	4	32
538	2	238	2	61
539	2	239	2	60
540	2	240	1	76
541	2	241	1	70
542	2	242	1	72
543	2	243	1	69
544	2	244	1	71
545	2	245	2	52
546	2	246	1	67
547	2	247	1	63
548	2	248	2	49
549	2	249	1	63
550	2	250	1	62
551	2	251	2	52
552	2	252	1	56
553	2	253	3	52
554	2	254	1	60
555	2	255	1	62
556	2	256	1	66
557	2	257	1	67
558	2	258	1	65
559	2	259	1	63
560	2	260	1	60
561	2	261	1	61
562	2	262	1	59
563	2	263	2	45
564	2	264	1	62
565	2	265	1	64
566	2	266	1	64
567	2	267	1	63
568	2	268	1	63
569	2	269	1	63
570	2	270	1	63
571	2	271	1	63
572	2	272	1	64
573	2	273	1	63
574	2	274	3	68
575	2	275	3	68
576	2	276	3	69
577	2	277	3	69
578	2	278	3	70
579	2	279	3	67
580	2	280	3	64
581	2	281	3	60
582	2	282	3	62
583	2	283	1	73
584	2	284	1	73
585	2	285	1	72
586	2	286	1	73
587	2	287	1	75
588	2	288	1	72
589	2	289	1	72
590	2	290	1	67
591	2	291	1	64
592	2	292	1	65
593	2	293	1	65
594	2	294	3	58
595	2	295	1	63
596	2	296	3	57
597	2	297	4	27
598	2	298	1	65
599	2	299	1	62
600	2	300	3	64
601	3	1	3	85
602	3	2	1	60
603	3	3	3	88
604	3	4	2	36
605	3	5	3	91
606	3	6	3	97
607	3	7	3	94
608	3	8	3	94
609	3	9	3	93
610	3	10	3	93
611	3	11	4	37
612	3	12	3	87
613	3	13	4	46
614	3	14	1	82
615	3	15	3	81
616	3	16	3	76
617	3	17	3	73
618	3	18	1	75
619	3	19	3	64
620	3	20	1	71
621	3	21	1	70
622	3	22	1	72
623	3	23	1	66
624	3	24	3	67
625	3	25	1	62
626	3	26	3	68
627	3	27	1	57
628	3	28	3	61
629	3	29	3	67
630	3	30	3	68
631	3	31	4	37
632	3	32	3	71
633	3	33	2	37
634	3	34	1	65
635	3	35	3	68
636	3	36	4	41
637	3	37	1	74
638	3	38	1	74
639	3	39	3	64
640	3	40	4	48
641	3	41	4	43
642	3	42	3	56
643	3	43	1	69
644	3	44	4	42
645	3	45	4	44
646	3	46	3	59
647	3	47	1	70
648	3	48	1	70
649	3	49	1	72
650	3	50	3	64
651	3	51	3	65
652	3	52	1	67
653	3	53	2	45
654	3	54	1	65
655	3	55	1	66
656	3	56	2	38
657	3	57	3	67
658	3	58	3	65
659	3	59	2	29
660	3	60	4	48
661	3	61	3	62
662	3	62	1	57
663	3	63	1	59
664	3	64	1	57
665	3	65	3	44
666	3	66	4	55
667	3	67	4	51
668	3	68	1	59
669	3	69	4	50
670	3	70	1	59
671	3	71	1	58
672	3	72	2	22
673	3	73	4	50
674	3	74	4	53
675	3	75	3	51
676	3	76	4	55
677	3	77	4	56
678	3	78	3	61
679	3	79	3	58
680	3	80	1	50
681	3	81	4	52
682	3	82	4	53
683	3	83	3	55
684	3	84	3	58
685	3	85	3	58
686	3	86	4	55
687	3	87	3	59
688	3	88	1	51
689	3	89	1	50
690	3	90	4	61
691	3	91	4	56
692	3	92	4	52
693	3	93	4	57
694	3	94	2	31
695	3	95	1	49
696	3	96	3	61
697	3	97	3	57
698	3	98	4	55
699	3	99	3	58
700	3	100	2	32
701	3	101	3	53
702	3	102	3	51
703	3	103	4	60
704	3	104	4	57
705	3	105	4	62
706	3	106	1	47
707	3	107	3	47
708	3	108	2	48
709	3	109	3	53
710	3	110	1	38
711	3	111	1	41
712	3	112	4	67
713	3	113	4	66
714	3	114	2	58
715	3	115	2	58
716	3	116	2	55
717	3	117	3	49
718	3	118	2	53
719	3	119	2	54
720	3	120	3	51
721	3	121	2	52
722	3	122	3	48
723	3	123	3	45
724	3	124	4	70
725	3	125	2	55
726	3	126	2	59
727	3	127	4	72
728	3	128	4	75
729	3	129	1	55
730	3	130	4	80
731	3	131	2	61
732	3	132	1	64
733	3	133	4	85
734	3	134	4	85
735	3	135	2	60
736	3	136	4	82
737	3	137	4	80
738	3	138	4	75
739	3	139	4	73
740	3	140	4	75
741	3	141	4	76
742	3	142	4	77
743	3	143	4	77
744	3	144	4	77
745	3	145	4	74
746	3	146	4	79
747	3	147	4	79
748	3	148	1	73
749	3	149	1	72
750	3	150	4	76
751	3	151	4	78
752	3	152	1	66
753	3	153	3	68
754	3	154	4	76
755	3	155	3	68
756	3	156	1	65
757	3	157	3	68
758	3	158	4	69
759	3	159	2	78
760	3	160	1	72
761	3	161	4	69
762	3	162	1	69
763	3	163	1	71
764	3	164	2	79
765	3	165	2	82
766	3	166	1	68
767	3	167	1	69
768	3	168	2	86
769	3	169	2	84
770	3	170	1	62
771	3	171	3	64
772	3	172	2	85
773	3	173	2	82
774	3	174	2	84
775	3	175	2	84
776	3	176	2	85
777	3	177	2	88
778	3	178	2	90
779	3	179	1	60
780	3	180	2	86
781	3	181	1	53
782	3	182	2	89
783	3	183	2	86
784	3	184	1	62
785	3	185	2	80
786	3	186	2	77
787	3	187	2	81
788	3	188	3	67
789	3	189	2	85
790	3	190	2	91
791	3	191	2	91
792	3	192	1	52
793	3	193	2	87
794	3	194	2	83
795	3	195	2	85
796	3	196	2	91
797	3	197	2	92
798	3	198	2	90
799	3	199	2	90
800	3	200	1	47
801	3	201	2	89
802	3	202	2	88
803	3	203	2	90
804	3	204	2	88
805	3	205	2	84
806	3	206	2	86
807	3	207	2	81
808	3	208	2	81
809	3	209	3	59
810	3	210	4	49
811	3	211	2	78
812	3	212	2	78
813	3	213	2	80
814	3	214	2	80
815	3	215	2	80
816	3	216	2	81
817	3	217	2	78
818	3	218	2	80
819	3	219	2	78
820	3	220	1	60
821	3	221	4	35
822	3	222	3	68
823	3	223	2	73
824	3	224	1	64
825	3	225	3	70
826	3	226	3	72
827	3	227	3	75
828	3	228	2	74
829	3	229	2	74
830	3	230	2	76
831	3	231	2	74
832	3	232	3	79
833	3	233	2	73
834	3	234	1	69
835	3	235	3	73
836	3	236	3	69
837	3	237	3	67
838	3	238	2	61
839	3	239	3	66
840	3	240	3	63
841	3	241	3	62
842	3	242	2	60
843	3	243	2	57
844	3	244	3	66
845	3	245	3	63
846	3	246	2	52
847	3	247	2	51
848	3	248	2	49
849	3	249	4	45
850	3	250	2	46
851	3	251	1	61
852	3	252	2	49
853	3	253	3	52
854	3	254	4	52
855	3	255	1	62
856	3	256	3	47
857	3	257	3	49
858	3	258	3	51
859	3	259	4	48
860	3	260	1	60
861	3	261	4	50
862	3	262	4	53
863	3	263	4	52
864	3	264	1	62
865	3	265	1	64
866	3	266	3	52
867	3	267	2	26
868	3	268	4	46
869	3	269	2	31
870	3	270	4	43
871	3	271	3	67
872	3	272	1	64
873	3	273	3	65
874	3	274	3	68
875	3	275	1	62
876	3	276	1	65
877	3	277	3	69
878	3	278	3	70
879	3	279	4	46
880	3	280	3	64
881	3	281	3	60
882	3	282	4	45
883	3	283	4	45
884	3	284	1	73
885	3	285	3	65
886	3	286	2	25
887	3	287	1	75
888	3	288	3	68
889	3	289	4	40
890	3	290	4	37
891	3	291	1	64
892	3	292	1	65
893	3	293	3	63
894	3	294	1	66
895	3	295	3	57
896	3	296	1	64
897	3	297	3	67
898	3	298	1	65
899	3	299	1	62
900	3	300	1	56
901	4	1	2	38
902	4	2	3	84
903	4	3	3	88
904	4	4	3	88
905	4	5	3	91
906	4	6	3	97
907	4	7	3	94
908	4	8	3	94
909	4	9	3	93
910	4	10	3	93
911	4	11	3	88
912	4	12	3	87
913	4	13	3	85
914	4	14	3	85
915	4	15	3	81
916	4	16	3	76
917	4	17	3	73
918	4	18	3	65
919	4	19	3	64
920	4	20	1	71
921	4	21	1	70
922	4	22	3	61
923	4	23	3	68
924	4	24	2	31
925	4	25	3	69
926	4	26	3	68
927	4	27	1	57
928	4	28	3	61
929	4	29	3	67
930	4	30	4	33
931	4	31	3	68
932	4	32	1	62
933	4	33	1	63
934	4	34	1	65
935	4	35	1	70
936	4	36	1	73
937	4	37	1	74
938	4	38	1	74
939	4	39	1	72
940	4	40	4	48
941	4	41	4	43
942	4	42	1	66
943	4	43	2	48
944	4	44	1	69
945	4	45	3	58
946	4	46	3	59
947	4	47	3	59
948	4	48	3	58
949	4	49	3	62
950	4	50	1	73
951	4	51	1	70
952	4	52	1	67
953	4	53	1	67
954	4	54	2	43
955	4	55	3	65
956	4	56	1	61
957	4	57	1	56
958	4	58	1	53
959	4	59	1	51
960	4	60	4	48
961	4	61	3	62
962	4	62	4	48
963	4	63	1	59
964	4	64	2	31
965	4	65	3	44
966	4	66	3	44
967	4	67	1	59
968	4	68	3	47
969	4	69	2	31
970	4	70	1	59
971	4	71	4	46
972	4	72	1	56
973	4	73	1	58
974	4	74	3	51
975	4	75	2	28
976	4	76	4	55
977	4	77	3	58
978	4	78	1	52
979	4	79	3	58
980	4	80	2	35
981	4	81	4	52
982	4	82	3	56
983	4	83	1	51
984	4	84	3	58
985	4	85	3	58
986	4	86	4	55
987	4	87	3	59
988	4	88	3	59
989	4	89	4	61
990	4	90	3	54
991	4	91	4	56
992	4	92	4	52
993	4	93	2	33
994	4	94	4	60
995	4	95	1	49
996	4	96	3	61
997	4	97	3	57
998	4	98	3	57
999	4	99	3	58
1000	4	100	4	59
1001	4	101	3	53
1002	4	102	3	51
1003	4	103	4	60
1004	4	104	4	57
1005	4	105	4	62
1006	4	106	1	47
1007	4	107	3	47
1008	4	108	4	63
1009	4	109	4	66
1010	4	110	1	38
1011	4	111	2	56
1012	4	112	4	67
1013	4	113	4	66
1014	4	114	4	69
1015	4	115	4	72
1016	4	116	4	68
1017	4	117	4	70
1018	4	118	4	71
1019	4	119	4	70
1020	4	120	1	51
1021	4	121	4	73
1022	4	122	4	77
1023	4	123	4	72
1024	4	124	4	70
1025	4	125	4	68
1026	4	126	4	69
1027	4	127	4	72
1028	4	128	3	48
1029	4	129	4	79
1030	4	130	1	57
1031	4	131	4	81
1032	4	132	4	84
1033	4	133	4	85
1034	4	134	2	58
1035	4	135	3	53
1036	4	136	4	82
1037	4	137	4	80
1038	4	138	4	75
1039	4	139	2	64
1040	4	140	4	75
1041	4	141	4	76
1042	4	142	1	73
1043	4	143	3	59
1044	4	144	4	77
1045	4	145	3	61
1046	4	146	3	65
1047	4	147	4	79
1048	4	148	2	66
1049	4	149	1	72
1050	4	150	2	68
1051	4	151	1	69
1052	4	152	4	77
1053	4	153	4	78
1054	4	154	3	68
1055	4	155	4	80
1056	4	156	2	68
1057	4	157	3	68
1058	4	158	2	75
1059	4	159	3	71
1060	4	160	2	76
1061	4	161	3	67
1062	4	162	2	72
1063	4	163	4	69
1064	4	164	2	79
1065	4	165	4	66
1066	4	166	2	82
1067	4	167	2	84
1068	4	168	2	86
1069	4	169	4	70
1070	4	170	2	82
1071	4	171	1	66
1072	4	172	4	78
1073	4	173	2	82
1074	4	174	3	76
1075	4	175	2	84
1076	4	176	4	72
1077	4	177	2	88
1078	4	178	2	90
1079	4	179	3	69
1080	4	180	4	76
1081	4	181	1	53
1082	4	182	4	73
1083	4	183	4	69
1084	4	184	3	64
1085	4	185	2	80
1086	4	186	3	64
1087	4	187	2	81
1088	4	188	2	86
1089	4	189	2	85
1090	4	190	2	91
1091	4	191	2	91
1092	4	192	2	87
1093	4	193	2	87
1094	4	194	2	83
1095	4	195	2	85
1096	4	196	2	91
1097	4	197	2	92
1098	4	198	4	49
1099	4	199	2	90
1100	4	200	1	47
1101	4	201	3	59
1102	4	202	2	88
1103	4	203	3	60
1104	4	204	2	88
1105	4	205	3	57
1106	4	206	2	86
1107	4	207	2	81
1108	4	208	2	81
1109	4	209	2	82
1110	4	210	2	81
1111	4	211	2	78
1112	4	212	2	78
1113	4	213	2	80
1114	4	214	2	80
1115	4	215	2	80
1116	4	216	2	81
1117	4	217	2	78
1118	4	218	2	80
1119	4	219	1	57
1120	4	220	2	76
1121	4	221	2	78
1122	4	222	2	74
1123	4	223	2	73
1124	4	224	2	73
1125	4	225	2	73
1126	4	226	2	70
1127	4	227	3	75
1128	4	228	3	77
1129	4	229	3	76
1130	4	230	3	79
1131	4	231	2	74
1132	4	232	2	75
1133	4	233	3	75
1134	4	234	3	76
1135	4	235	2	69
1136	4	236	3	69
1137	4	237	2	67
1138	4	238	4	32
1139	4	239	2	60
1140	4	240	3	63
1141	4	241	1	70
1142	4	242	1	72
1143	4	243	2	57
1144	4	244	4	36
1145	4	245	3	63
1146	4	246	1	67
1147	4	247	2	51
1148	4	248	2	49
1149	4	249	1	63
1150	4	250	4	46
1151	4	251	3	51
1152	4	252	4	47
1153	4	253	3	52
1154	4	254	3	50
1155	4	255	1	62
1156	4	256	2	55
1157	4	257	2	55
1158	4	258	3	51
1159	4	259	1	63
1160	4	260	1	60
1161	4	261	1	61
1162	4	262	4	53
1163	4	263	1	60
1164	4	264	2	41
1165	4	265	4	47
1166	4	266	1	64
1167	4	267	1	63
1168	4	268	1	63
1169	4	269	3	58
1170	4	270	1	63
1171	4	271	3	67
1172	4	272	1	64
1173	4	273	1	63
1174	4	274	3	68
1175	4	275	3	68
1176	4	276	4	44
1177	4	277	3	69
1178	4	278	3	70
1179	4	279	3	67
1180	4	280	4	45
1181	4	281	3	60
1182	4	282	1	73
1183	4	283	1	73
1184	4	284	1	73
1185	4	285	4	39
1186	4	286	3	63
1187	4	287	4	37
1188	4	288	2	23
1189	4	289	3	67
1190	4	290	3	61
1191	4	291	4	36
1192	4	292	1	65
1193	4	293	3	63
1194	4	294	3	58
1195	4	295	1	63
1196	4	296	3	57
1197	4	297	3	67
1198	4	298	1	65
1199	4	299	3	66
1200	4	300	1	56
1201	5	1	3	85
1202	5	2	2	40
1203	5	3	3	88
1204	5	4	4	40
1205	5	5	1	67
1206	5	6	3	97
1207	5	7	3	94
1208	5	8	3	94
1209	5	9	3	93
1210	5	10	1	84
1211	5	11	3	88
1212	5	12	1	81
1213	5	13	3	85
1214	5	14	3	85
1215	5	15	3	81
1216	5	16	3	76
1217	5	17	3	73
1218	5	18	1	75
1219	5	19	3	64
1220	5	20	3	61
1221	5	21	3	60
1222	5	22	1	72
1223	5	23	1	66
1224	5	24	1	61
1225	5	25	1	62
1226	5	26	4	42
1227	5	27	3	62
1228	5	28	3	61
1229	5	29	1	56
1230	5	30	2	40
1231	5	31	4	37
1232	5	32	3	71
1233	5	33	1	63
1234	5	34	3	64
1235	5	35	1	70
1236	5	36	1	73
1237	5	37	1	74
1238	5	38	1	74
1239	5	39	3	64
1240	5	40	1	73
1241	5	41	1	70
1242	5	42	1	66
1243	5	43	1	69
1244	5	44	3	57
1245	5	45	1	71
1246	5	46	3	59
1247	5	47	2	53
1248	5	48	1	70
1249	5	49	1	72
1250	5	50	1	73
1251	5	51	4	46
1252	5	52	1	67
1253	5	53	3	64
1254	5	54	2	43
1255	5	55	1	66
1256	5	56	2	38
1257	5	57	3	67
1258	5	58	3	65
1259	5	59	3	59
1260	5	60	1	55
1261	5	61	2	29
1262	5	62	3	60
1263	5	63	4	51
1264	5	64	4	53
1265	5	65	3	44
1266	5	66	4	55
1267	5	67	1	59
1268	5	68	1	59
1269	5	69	4	50
1270	5	70	4	48
1271	5	71	1	58
1272	5	72	1	56
1273	5	73	3	46
1274	5	74	1	59
1275	5	75	1	61
1276	5	76	1	55
1277	5	77	3	58
1278	5	78	2	30
1279	5	79	4	57
1280	5	80	1	50
1281	5	81	1	48
1282	5	82	4	53
1283	5	83	3	55
1284	5	84	1	57
1285	5	85	1	51
1286	5	86	3	58
1287	5	87	3	59
1288	5	88	1	51
1289	5	89	4	61
1290	5	90	4	61
1291	5	91	1	53
1292	5	92	3	53
1293	5	93	4	57
1294	5	94	2	31
1295	5	95	4	60
1296	5	96	4	58
1297	5	97	3	57
1298	5	98	1	44
1299	5	99	1	42
1300	5	100	2	32
1301	5	101	4	59
1302	5	102	3	51
1303	5	103	4	60
1304	5	104	3	47
1305	5	105	4	62
1306	5	106	4	62
1307	5	107	3	47
1308	5	108	2	48
1309	5	109	4	66
1310	5	110	4	71
1311	5	111	4	71
1312	5	112	4	67
1313	5	113	3	48
1314	5	114	4	69
1315	5	115	4	72
1316	5	116	4	68
1317	5	117	2	54
1318	5	118	2	53
1319	5	119	4	70
1320	5	120	2	53
1321	5	121	1	51
1322	5	122	3	48
1323	5	123	2	54
1324	5	124	4	70
1325	5	125	4	68
1326	5	126	4	69
1327	5	127	2	60
1328	5	128	4	75
1329	5	129	4	79
1330	5	130	4	80
1331	5	131	2	61
1332	5	132	2	57
1333	5	133	4	85
1334	5	134	4	85
1335	5	135	2	60
1336	5	136	2	62
1337	5	137	4	80
1338	5	138	3	60
1339	5	139	3	61
1340	5	140	2	60
1341	5	141	4	76
1342	5	142	2	64
1343	5	143	4	77
1344	5	144	4	77
1345	5	145	4	74
1346	5	146	2	66
1347	5	147	4	79
1348	5	148	4	79
1349	5	149	4	76
1350	5	150	2	68
1351	5	151	4	78
1352	5	152	4	77
1353	5	153	2	69
1354	5	154	4	76
1355	5	155	4	80
1356	5	156	2	68
1357	5	157	2	72
1358	5	158	2	75
1359	5	159	4	73
1360	5	160	4	74
1361	5	161	4	69
1362	5	162	2	72
1363	5	163	4	69
1364	5	164	1	72
1365	5	165	1	68
1366	5	166	4	62
1367	5	167	3	71
1368	5	168	1	67
1369	5	169	4	70
1370	5	170	2	82
1371	5	171	2	84
1372	5	172	2	85
1373	5	173	2	82
1374	5	174	4	76
1375	5	175	3	73
1376	5	176	2	85
1377	5	177	2	88
1378	5	178	2	90
1379	5	179	1	60
1380	5	180	2	86
1381	5	181	1	53
1382	5	182	2	89
1383	5	183	2	86
1384	5	184	2	81
1385	5	185	3	66
1386	5	186	2	77
1387	5	187	2	81
1388	5	188	2	86
1389	5	189	2	85
1390	5	190	2	91
1391	5	191	1	54
1392	5	192	2	87
1393	5	193	4	56
1394	5	194	2	83
1395	5	195	2	85
1396	5	196	2	91
1397	5	197	2	92
1398	5	198	2	90
1399	5	199	2	90
1400	5	200	2	91
1401	5	201	2	89
1402	5	202	2	88
1403	5	203	2	90
1404	5	204	2	88
1405	5	205	2	84
1406	5	206	2	86
1407	5	207	2	81
1408	5	208	2	81
1409	5	209	2	82
1410	5	210	2	81
1411	5	211	1	55
1412	5	212	4	50
1413	5	213	1	54
1414	5	214	2	80
1415	5	215	2	80
1416	5	216	2	81
1417	5	217	2	78
1418	5	218	2	80
1419	5	219	2	78
1420	5	220	2	76
1421	5	221	2	78
1422	5	222	3	68
1423	5	223	2	73
1424	5	224	1	64
1425	5	225	1	61
1426	5	226	4	26
1427	5	227	2	70
1428	5	228	2	74
1429	5	229	2	74
1430	5	230	3	79
1431	5	231	3	82
1432	5	232	3	79
1433	5	233	3	75
1434	5	234	3	76
1435	5	235	2	69
1436	5	236	3	69
1437	5	237	3	67
1438	5	238	2	61
1439	5	239	4	36
1440	5	240	3	63
1441	5	241	3	62
1442	5	242	4	34
1443	5	243	3	59
1444	5	244	2	55
1445	5	245	4	39
1446	5	246	2	52
1447	5	247	2	51
1448	5	248	2	49
1449	5	249	2	50
1450	5	250	4	46
1451	5	251	3	51
1452	5	252	2	49
1453	5	253	2	54
1454	5	254	3	50
1455	5	255	3	52
1456	5	256	1	66
1457	5	257	1	67
1458	5	258	1	65
1459	5	259	3	50
1460	5	260	2	50
1461	5	261	1	61
1462	5	262	1	59
1463	5	263	1	60
1464	5	264	4	50
1465	5	265	4	47
1466	5	266	2	32
1467	5	267	3	56
1468	5	268	1	63
1469	5	269	3	58
1470	5	270	2	26
1471	5	271	1	63
1472	5	272	4	43
1473	5	273	1	63
1474	5	274	4	38
1475	5	275	1	62
1476	5	276	2	20
1477	5	277	1	69
1478	5	278	1	70
1479	5	279	4	46
1480	5	280	1	71
1481	5	281	1	73
1482	5	282	3	62
1483	5	283	4	45
1484	5	284	1	73
1485	5	285	4	39
1486	5	286	4	38
1487	5	287	3	66
1488	5	288	3	68
1489	5	289	1	72
1490	5	290	1	67
1491	5	291	3	64
1492	5	292	3	63
1493	5	293	1	65
1494	5	294	3	58
1495	5	295	3	57
1496	5	296	1	64
1497	5	297	3	67
1498	5	298	2	42
1499	5	299	3	66
1500	5	300	2	46
1501	6	1	2	38
1502	6	2	1	60
1503	6	3	3	88
1504	6	4	3	88
1505	6	5	4	40
1506	6	6	3	97
1507	6	7	3	94
1508	6	8	1	76
1509	6	9	3	93
1510	6	10	3	93
1511	6	11	2	29
1512	6	12	3	87
1513	6	13	3	85
1514	6	14	2	30
1515	6	15	4	49
1516	6	16	1	77
1517	6	17	1	76
1518	6	18	3	65
1519	6	19	3	64
1520	6	20	1	71
1521	6	21	1	70
1522	6	22	3	61
1523	6	23	3	68
1524	6	24	1	61
1525	6	25	1	62
1526	6	26	4	42
1527	6	27	2	38
1528	6	28	3	61
1529	6	29	1	56
1530	6	30	4	33
1531	6	31	3	68
1532	6	32	3	71
1533	6	33	2	37
1534	6	34	3	64
1535	6	35	3	68
1536	6	36	1	73
1537	6	37	1	74
1538	6	38	1	74
1539	6	39	1	72
1540	6	40	3	59
1541	6	41	1	70
1542	6	42	1	66
1543	6	43	4	41
1544	6	44	1	69
1545	6	45	1	71
1546	6	46	1	68
1547	6	47	4	53
1548	6	48	3	58
1549	6	49	1	72
1550	6	50	1	73
1551	6	51	4	46
1552	6	52	1	67
1553	6	53	1	67
1554	6	54	1	65
1555	6	55	3	65
1556	6	56	1	61
1557	6	57	1	56
1558	6	58	1	53
1559	6	59	1	51
1560	6	60	2	28
1561	6	61	4	47
1562	6	62	4	48
1563	6	63	1	59
1564	6	64	1	57
1565	6	65	4	56
1566	6	66	4	55
1567	6	67	4	51
1568	6	68	2	31
1569	6	69	1	59
1570	6	70	1	59
1571	6	71	1	58
1572	6	72	3	48
1573	6	73	3	46
1574	6	74	1	59
1575	6	75	1	61
1576	6	76	1	55
1577	6	77	1	53
1578	6	78	2	30
1579	6	79	4	57
1580	6	80	1	50
1581	6	81	3	58
1582	6	82	3	56
1583	6	83	4	57
1584	6	84	4	59
1585	6	85	2	34
1586	6	86	4	55
1587	6	87	3	59
1588	6	88	3	59
1589	6	89	1	50
1590	6	90	1	54
1591	6	91	4	56
1592	6	92	4	52
1593	6	93	3	57
1594	6	94	3	62
1595	6	95	4	60
1596	6	96	4	58
1597	6	97	3	57
1598	6	98	3	57
1599	6	99	3	58
1600	6	100	4	59
1601	6	101	4	59
1602	6	102	2	39
1603	6	103	4	60
1604	6	104	2	41
1605	6	105	1	42
1606	6	106	3	52
1607	6	107	2	47
1608	6	108	4	63
1609	6	109	3	53
1610	6	110	4	71
1611	6	111	1	41
1612	6	112	3	50
1613	6	113	4	66
1614	6	114	1	51
1615	6	115	3	54
1616	6	116	2	55
1617	6	117	2	54
1618	6	118	1	52
1619	6	119	3	47
1620	6	120	1	51
1621	6	121	2	52
1622	6	122	1	49
1623	6	123	2	54
1624	6	124	1	47
1625	6	125	4	68
1626	6	126	2	59
1627	6	127	3	47
1628	6	128	3	48
1629	6	129	1	55
1630	6	130	2	57
1631	6	131	2	61
1632	6	132	2	57
1633	6	133	2	56
1634	6	134	1	63
1635	6	135	4	88
1636	6	136	4	82
1637	6	137	2	62
1638	6	138	3	60
1639	6	139	4	73
1640	6	140	4	75
1641	6	141	4	76
1642	6	142	2	64
1643	6	143	2	66
1644	6	144	3	59
1645	6	145	2	67
1646	6	146	1	70
1647	6	147	3	61
1648	6	148	2	66
1649	6	149	3	65
1650	6	150	1	71
1651	6	151	1	69
1652	6	152	2	66
1653	6	153	1	67
1654	6	154	2	66
1655	6	155	4	80
1656	6	156	4	74
1657	6	157	4	72
1658	6	158	2	75
1659	6	159	4	73
1660	6	160	1	72
1661	6	161	1	70
1662	6	162	1	69
1663	6	163	1	71
1664	6	164	1	72
1665	6	165	4	66
1666	6	166	3	71
1667	6	167	4	61
1668	6	168	3	66
1669	6	169	3	65
1670	6	170	3	61
1671	6	171	2	84
1672	6	172	3	64
1673	6	173	3	70
1674	6	174	1	68
1675	6	175	1	62
1676	6	176	1	60
1677	6	177	1	64
1678	6	178	1	62
1679	6	179	4	70
1680	6	180	2	86
1681	6	181	2	86
1682	6	182	1	55
1683	6	183	4	69
1684	6	184	2	81
1685	6	185	2	80
1686	6	186	3	64
1687	6	187	1	63
1688	6	188	2	86
1689	6	189	2	85
1690	6	190	4	55
1691	6	191	1	54
1692	6	192	1	52
1693	6	193	3	60
1694	6	194	3	63
1695	6	195	4	51
1696	6	196	1	47
1697	6	197	4	49
1698	6	198	3	62
1699	6	199	2	90
1700	6	200	2	91
1701	6	201	2	89
1702	6	202	2	88
1703	6	203	2	90
1704	6	204	1	51
1705	6	205	2	84
1706	6	206	4	52
1707	6	207	2	81
1708	6	208	2	81
1709	6	209	2	82
1710	6	210	3	63
1711	6	211	3	60
1712	6	212	1	57
1713	6	213	2	80
1714	6	214	4	48
1715	6	215	2	80
1716	6	216	2	81
1717	6	217	1	53
1718	6	218	2	80
1719	6	219	2	78
1720	6	220	3	65
1721	6	221	1	60
1722	6	222	4	33
1723	6	223	3	68
1724	6	224	2	73
1725	6	225	2	73
1726	6	226	2	70
1727	6	227	4	26
1728	6	228	2	74
1729	6	229	2	74
1730	6	230	2	76
1731	6	231	2	74
1732	6	232	2	75
1733	6	233	3	75
1734	6	234	3	76
1735	6	235	3	73
1736	6	236	2	71
1737	6	237	1	70
1738	6	238	3	65
1739	6	239	3	66
1740	6	240	4	32
1741	6	241	2	62
1742	6	242	1	72
1743	6	243	4	35
1744	6	244	3	66
1745	6	245	1	69
1746	6	246	1	67
1747	6	247	2	51
1748	6	248	3	55
1749	6	249	2	50
1750	6	250	1	62
1751	6	251	2	52
1752	6	252	1	56
1753	6	253	4	48
1754	6	254	2	59
1755	6	255	3	52
1756	6	256	2	55
1757	6	257	2	55
1758	6	258	1	65
1759	6	259	3	50
1760	6	260	4	47
1761	6	261	2	51
1762	6	262	1	59
1763	6	263	2	45
1764	6	264	1	62
1765	6	265	3	54
1766	6	266	3	52
1767	6	267	1	63
1768	6	268	3	60
1769	6	269	2	31
1770	6	270	1	63
1771	6	271	4	42
1772	6	272	4	43
1773	6	273	3	65
1774	6	274	3	68
1775	6	275	2	23
1776	6	276	3	69
1777	6	277	1	69
1778	6	278	1	70
1779	6	279	3	67
1780	6	280	1	71
1781	6	281	3	60
1782	6	282	1	73
1783	6	283	3	69
1784	6	284	3	65
1785	6	285	1	72
1786	6	286	3	63
1787	6	287	1	75
1788	6	288	1	72
1789	6	289	2	28
1790	6	290	1	67
1791	6	291	2	37
1792	6	292	4	37
1793	6	293	4	36
1794	6	294	2	33
1795	6	295	3	57
1796	6	296	1	64
1797	6	297	3	67
1798	6	298	4	27
1799	6	299	1	62
1800	6	300	3	64
1801	7	1	4	33
1802	7	2	1	60
1803	7	3	2	36
1804	7	4	3	88
1805	7	5	3	91
1806	7	6	3	97
1807	7	7	3	94
1808	7	8	3	94
1809	7	9	3	93
1810	7	10	3	93
1811	7	11	3	88
1812	7	12	3	87
1813	7	13	3	85
1814	7	14	1	82
1815	7	15	3	81
1816	7	16	1	77
1817	7	17	3	73
1818	7	18	3	65
1819	7	19	1	71
1820	7	20	3	61
1821	7	21	2	23
1822	7	22	1	72
1823	7	23	4	45
1824	7	24	1	61
1825	7	25	3	69
1826	7	26	2	41
1827	7	27	1	57
1828	7	28	3	61
1829	7	29	1	56
1830	7	30	2	40
1831	7	31	3	68
1832	7	32	3	71
1833	7	33	3	66
1834	7	34	1	65
1835	7	35	1	70
1836	7	36	1	73
1837	7	37	1	74
1838	7	38	1	74
1839	7	39	1	72
1840	7	40	1	73
1841	7	41	2	45
1842	7	42	3	56
1843	7	43	1	69
1844	7	44	4	42
1845	7	45	1	71
1846	7	46	1	68
1847	7	47	1	70
1848	7	48	1	70
1849	7	49	4	50
1850	7	50	3	64
1851	7	51	3	65
1852	7	52	1	67
1853	7	53	3	64
1854	7	54	1	65
1855	7	55	3	65
1856	7	56	1	61
1857	7	57	1	56
1858	7	58	3	65
1859	7	59	3	59
1860	7	60	2	28
1861	7	61	4	47
1862	7	62	1	57
1863	7	63	3	57
1864	7	64	3	55
1865	7	65	1	57
1866	7	66	1	59
1867	7	67	3	44
1868	7	68	4	51
1869	7	69	4	50
1870	7	70	4	48
1871	7	71	1	58
1872	7	72	4	48
1873	7	73	1	58
1874	7	74	1	59
1875	7	75	4	52
1876	7	76	3	55
1877	7	77	1	53
1878	7	78	2	30
1879	7	79	1	54
1880	7	80	4	55
1881	7	81	3	58
1882	7	82	3	56
1883	7	83	1	51
1884	7	84	4	59
1885	7	85	4	57
1886	7	86	1	49
1887	7	87	1	51
1888	7	88	4	60
1889	7	89	1	50
1890	7	90	4	61
1891	7	91	1	53
1892	7	92	4	52
1893	7	93	3	57
1894	7	94	3	62
1895	7	95	3	63
1896	7	96	3	61
1897	7	97	3	57
1898	7	98	2	28
1899	7	99	4	56
1900	7	100	1	43
1901	7	101	4	59
1902	7	102	3	51
1903	7	103	4	60
1904	7	104	4	57
1905	7	105	1	42
1906	7	106	3	52
1907	7	107	3	47
1908	7	108	4	63
1909	7	109	4	66
1910	7	110	4	71
1911	7	111	2	56
1912	7	112	1	44
1913	7	113	3	48
1914	7	114	4	69
1915	7	115	4	72
1916	7	116	2	55
1917	7	117	1	54
1918	7	118	2	53
1919	7	119	3	47
1920	7	120	4	69
1921	7	121	2	52
1922	7	122	4	77
1923	7	123	4	72
1924	7	124	3	46
1925	7	125	4	68
1926	7	126	4	69
1927	7	127	4	72
1928	7	128	4	75
1929	7	129	3	49
1930	7	130	4	80
1931	7	131	4	81
1932	7	132	4	84
1933	7	133	4	85
1934	7	134	4	85
1935	7	135	4	88
1936	7	136	4	82
1937	7	137	4	80
1938	7	138	4	75
1939	7	139	1	67
1940	7	140	4	75
1941	7	141	4	76
1942	7	142	4	77
1943	7	143	4	77
1944	7	144	4	77
1945	7	145	4	74
1946	7	146	1	70
1947	7	147	4	79
1948	7	148	4	79
1949	7	149	1	72
1950	7	150	4	76
1951	7	151	4	78
1952	7	152	4	77
1953	7	153	4	78
1954	7	154	4	76
1955	7	155	4	80
1956	7	156	4	74
1957	7	157	1	69
1958	7	158	4	69
1959	7	159	4	73
1960	7	160	4	74
1961	7	161	4	69
1962	7	162	1	69
1963	7	163	1	71
1964	7	164	4	68
1965	7	165	1	68
1966	7	166	4	62
1967	7	167	1	69
1968	7	168	1	67
1969	7	169	4	70
1970	7	170	3	61
1971	7	171	3	64
1972	7	172	1	60
1973	7	173	3	70
1974	7	174	1	68
1975	7	175	1	62
1976	7	176	3	72
1977	7	177	3	74
1978	7	178	1	62
1979	7	179	4	70
1980	7	180	1	61
1981	7	181	3	60
1982	7	182	4	73
1983	7	183	1	56
1984	7	184	4	67
1985	7	185	3	66
1986	7	186	4	65
1987	7	187	4	59
1988	7	188	3	67
1989	7	189	3	68
1990	7	190	3	63
1991	7	191	4	56
1992	7	192	2	87
1993	7	193	2	87
1994	7	194	1	46
1995	7	195	2	85
1996	7	196	3	63
1997	7	197	2	92
1998	7	198	2	90
1999	7	199	2	90
2000	7	200	2	91
2001	7	201	2	89
2002	7	202	2	88
2003	7	203	2	90
2004	7	204	2	88
2005	7	205	2	84
2006	7	206	2	86
2007	7	207	2	81
2008	7	208	2	81
2009	7	209	3	59
2010	7	210	2	81
2011	7	211	2	78
2012	7	212	2	78
2013	7	213	2	80
2014	7	214	2	80
2015	7	215	2	80
2016	7	216	3	61
2017	7	217	2	78
2018	7	218	2	80
2019	7	219	2	78
2020	7	220	3	65
2021	7	221	2	78
2022	7	222	2	74
2023	7	223	3	68
2024	7	224	1	64
2025	7	225	2	73
2026	7	226	2	70
2027	7	227	2	70
2028	7	228	2	74
2029	7	229	3	76
2030	7	230	1	62
2031	7	231	3	82
2032	7	232	1	64
2033	7	233	3	75
2034	7	234	2	73
2035	7	235	2	69
2036	7	236	2	71
2037	7	237	3	67
2038	7	238	3	65
2039	7	239	4	36
2040	7	240	3	63
2041	7	241	3	62
2042	7	242	2	60
2043	7	243	1	69
2044	7	244	2	55
2045	7	245	1	69
2046	7	246	2	52
2047	7	247	1	63
2048	7	248	3	55
2049	7	249	1	63
2050	7	250	3	51
2051	7	251	1	61
2052	7	252	1	56
2053	7	253	1	58
2054	7	254	1	60
2055	7	255	2	53
2056	7	256	1	66
2057	7	257	1	67
2058	7	258	2	52
2059	7	259	1	63
2060	7	260	3	54
2061	7	261	2	51
2062	7	262	1	59
2063	7	263	4	52
2064	7	264	4	50
2065	7	265	2	32
2066	7	266	2	32
2067	7	267	1	63
2068	7	268	1	63
2069	7	269	1	63
2070	7	270	4	43
2071	7	271	1	63
2072	7	272	3	62
2073	7	273	3	65
2074	7	274	3	68
2075	7	275	3	68
2076	7	276	3	69
2077	7	277	1	69
2078	7	278	1	70
2079	7	279	1	72
2080	7	280	1	71
2081	7	281	3	60
2082	7	282	2	27
2083	7	283	1	73
2084	7	284	1	73
2085	7	285	1	72
2086	7	286	1	73
2087	7	287	1	75
2088	7	288	1	72
2089	7	289	4	40
2090	7	290	1	67
2091	7	291	4	36
2092	7	292	1	65
2093	7	293	3	63
2094	7	294	1	66
2095	7	295	2	35
2096	7	296	2	41
2097	7	297	1	66
2098	7	298	3	68
2099	7	299	1	62
2100	7	300	3	64
2101	8	1	3	85
2102	8	2	3	84
2103	8	3	3	88
2104	8	4	4	40
2105	8	5	1	67
2106	8	6	3	97
2107	8	7	2	26
2108	8	8	3	94
2109	8	9	3	93
2110	8	10	3	93
2111	8	11	3	88
2112	8	12	3	87
2113	8	13	1	85
2114	8	14	3	85
2115	8	15	3	81
2116	8	16	1	77
2117	8	17	3	73
2118	8	18	1	75
2119	8	19	1	71
2120	8	20	3	61
2121	8	21	1	70
2122	8	22	1	72
2123	8	23	1	66
2124	8	24	3	67
2125	8	25	3	69
2126	8	26	1	61
2127	8	27	4	36
2128	8	28	3	61
2129	8	29	3	67
2130	8	30	1	57
2131	8	31	2	39
2132	8	32	1	62
2133	8	33	3	66
2134	8	34	3	64
2135	8	35	3	68
2136	8	36	3	71
2137	8	37	3	69
2138	8	38	3	68
2139	8	39	1	72
2140	8	40	3	59
2141	8	41	4	43
2142	8	42	1	66
2143	8	43	1	69
2144	8	44	3	57
2145	8	45	3	58
2146	8	46	1	68
2147	8	47	1	70
2148	8	48	3	58
2149	8	49	1	72
2150	8	50	1	73
2151	8	51	4	46
2152	8	52	4	44
2153	8	53	1	67
2154	8	54	4	44
2155	8	55	1	66
2156	8	56	3	67
2157	8	57	3	67
2158	8	58	1	53
2159	8	59	3	59
2160	8	60	1	55
2161	8	61	4	47
2162	8	62	4	48
2163	8	63	3	57
2164	8	64	1	57
2165	8	65	3	44
2166	8	66	4	55
2167	8	67	4	51
2168	8	68	4	51
2169	8	69	1	59
2170	8	70	2	27
2171	8	71	3	45
2172	8	72	1	56
2173	8	73	4	50
2174	8	74	3	51
2175	8	75	4	52
2176	8	76	4	55
2177	8	77	3	58
2178	8	78	4	55
2179	8	79	3	58
2180	8	80	1	50
2181	8	81	3	58
2182	8	82	3	56
2183	8	83	4	57
2184	8	84	1	57
2185	8	85	3	58
2186	8	86	3	58
2187	8	87	3	59
2188	8	88	1	51
2189	8	89	4	61
2190	8	90	4	61
2191	8	91	4	56
2192	8	92	3	53
2193	8	93	3	57
2194	8	94	4	60
2195	8	95	3	63
2196	8	96	3	61
2197	8	97	3	57
2198	8	98	4	55
2199	8	99	3	58
2200	8	100	1	43
2201	8	101	2	36
2202	8	102	4	59
2203	8	103	1	43
2204	8	104	2	41
2205	8	105	4	62
2206	8	106	4	62
2207	8	107	4	63
2208	8	108	4	63
2209	8	109	4	66
2210	8	110	4	71
2211	8	111	4	71
2212	8	112	3	50
2213	8	113	4	66
2214	8	114	1	51
2215	8	115	4	72
2216	8	116	1	52
2217	8	117	4	70
2218	8	118	4	71
2219	8	119	2	54
2220	8	120	1	51
2221	8	121	4	73
2222	8	122	4	77
2223	8	123	4	72
2224	8	124	4	70
2225	8	125	4	68
2226	8	126	4	69
2227	8	127	1	50
2228	8	128	4	75
2229	8	129	4	79
2230	8	130	3	51
2231	8	131	3	53
2232	8	132	4	84
2233	8	133	4	85
2234	8	134	4	85
2235	8	135	4	88
2236	8	136	4	82
2237	8	137	4	80
2238	8	138	4	75
2239	8	139	4	73
2240	8	140	4	75
2241	8	141	2	60
2242	8	142	4	77
2243	8	143	3	59
2244	8	144	4	77
2245	8	145	4	74
2246	8	146	4	79
2247	8	147	4	79
2248	8	148	4	79
2249	8	149	4	76
2250	8	150	4	76
2251	8	151	4	78
2252	8	152	4	77
2253	8	153	4	78
2254	8	154	4	76
2255	8	155	4	80
2256	8	156	4	74
2257	8	157	4	72
2258	8	158	4	69
2259	8	159	4	73
2260	8	160	4	74
2261	8	161	4	69
2262	8	162	4	68
2263	8	163	3	72
2264	8	164	3	70
2265	8	165	4	66
2266	8	166	2	82
2267	8	167	2	84
2268	8	168	3	66
2269	8	169	2	84
2270	8	170	3	61
2271	8	171	2	84
2272	8	172	2	85
2273	8	173	2	82
2274	8	174	2	84
2275	8	175	2	84
2276	8	176	2	85
2277	8	177	2	88
2278	8	178	2	90
2279	8	179	2	87
2280	8	180	2	86
2281	8	181	2	86
2282	8	182	2	89
2283	8	183	2	86
2284	8	184	2	81
2285	8	185	2	80
2286	8	186	2	77
2287	8	187	4	59
2288	8	188	2	86
2289	8	189	2	85
2290	8	190	2	91
2291	8	191	2	91
2292	8	192	2	87
2293	8	193	2	87
2294	8	194	2	83
2295	8	195	2	85
2296	8	196	2	91
2297	8	197	4	49
2298	8	198	2	90
2299	8	199	2	90
2300	8	200	2	91
2301	8	201	3	59
2302	8	202	2	88
2303	8	203	2	90
2304	8	204	2	88
2305	8	205	2	84
2306	8	206	2	86
2307	8	207	2	81
2308	8	208	1	51
2309	8	209	2	82
2310	8	210	2	81
2311	8	211	2	78
2312	8	212	2	78
2313	8	213	2	80
2314	8	214	2	80
2315	8	215	2	80
2316	8	216	2	81
2317	8	217	2	78
2318	8	218	2	80
2319	8	219	2	78
2320	8	220	2	76
2321	8	221	2	78
2322	8	222	2	74
2323	8	223	2	73
2324	8	224	2	73
2325	8	225	4	28
2326	8	226	2	70
2327	8	227	1	61
2328	8	228	2	74
2329	8	229	2	74
2330	8	230	2	76
2331	8	231	2	74
2332	8	232	2	75
2333	8	233	2	73
2334	8	234	2	73
2335	8	235	2	69
2336	8	236	2	71
2337	8	237	2	67
2338	8	238	1	70
2339	8	239	2	60
2340	8	240	1	76
2341	8	241	3	62
2342	8	242	3	62
2343	8	243	2	57
2344	8	244	3	66
2345	8	245	1	69
2346	8	246	3	58
2347	8	247	1	63
2348	8	248	1	63
2349	8	249	4	45
2350	8	250	1	62
2351	8	251	2	52
2352	8	252	1	56
2353	8	253	1	58
2354	8	254	4	52
2355	8	255	4	52
2356	8	256	1	66
2357	8	257	3	49
2358	8	258	1	65
2359	8	259	3	50
2360	8	260	3	54
2361	8	261	1	61
2362	8	262	1	59
2363	8	263	1	60
2364	8	264	4	50
2365	8	265	1	64
2366	8	266	1	64
2367	8	267	1	63
2368	8	268	1	63
2369	8	269	3	58
2370	8	270	2	26
2371	8	271	1	63
2372	8	272	1	64
2373	8	273	1	63
2374	8	274	3	68
2375	8	275	4	40
2376	8	276	3	69
2377	8	277	3	69
2378	8	278	3	70
2379	8	279	3	67
2380	8	280	1	71
2381	8	281	1	73
2382	8	282	1	73
2383	8	283	3	69
2384	8	284	1	73
2385	8	285	1	72
2386	8	286	1	73
2387	8	287	1	75
2388	8	288	1	72
2389	8	289	1	72
2390	8	290	3	61
2391	8	291	2	37
2392	8	292	3	63
2393	8	293	3	63
2394	8	294	1	66
2395	8	295	4	30
2396	8	296	3	57
2397	8	297	1	66
2398	8	298	1	65
2399	8	299	3	66
2400	8	300	1	56
2401	9	1	4	33
2402	9	2	1	60
2403	9	3	1	61
2404	9	4	3	88
2405	9	5	3	91
2406	9	6	3	97
2407	9	7	3	94
2408	9	8	3	94
2409	9	9	3	93
2410	9	10	3	93
2411	9	11	3	88
2412	9	12	4	43
2413	9	13	3	85
2414	9	14	3	85
2415	9	15	4	49
2416	9	16	1	77
2417	9	17	1	76
2418	9	18	2	20
2419	9	19	3	64
2420	9	20	1	71
2421	9	21	1	70
2422	9	22	3	61
2423	9	23	1	66
2424	9	24	3	67
2425	9	25	1	62
2426	9	26	3	68
2427	9	27	4	36
2428	9	28	3	61
2429	9	29	1	56
2430	9	30	3	68
2431	9	31	3	68
2432	9	32	2	38
2433	9	33	4	41
2434	9	34	1	65
2435	9	35	1	70
2436	9	36	1	73
2437	9	37	1	74
2438	9	38	1	74
2439	9	39	1	72
2440	9	40	1	73
2441	9	41	3	55
2442	9	42	1	66
2443	9	43	1	69
2444	9	44	1	69
2445	9	45	4	44
2446	9	46	3	59
2447	9	47	2	53
2448	9	48	1	70
2449	9	49	1	72
2450	9	50	4	50
2451	9	51	1	70
2452	9	52	4	44
2453	9	53	4	41
2454	9	54	2	43
2455	9	55	1	66
2456	9	56	1	61
2457	9	57	4	44
2458	9	58	2	34
2459	9	59	1	51
2460	9	60	1	55
2461	9	61	1	58
2462	9	62	3	60
2463	9	63	1	59
2464	9	64	4	53
2465	9	65	3	44
2466	9	66	1	59
2467	9	67	4	51
2468	9	68	4	51
2469	9	69	1	59
2470	9	70	4	48
2471	9	71	2	23
2472	9	72	2	22
2473	9	73	4	50
2474	9	74	1	59
2475	9	75	3	51
2476	9	76	3	55
2477	9	77	1	53
2478	9	78	3	61
2479	9	79	4	57
2480	9	80	1	50
2481	9	81	2	31
2482	9	82	3	56
2483	9	83	4	57
2484	9	84	4	59
2485	9	85	2	34
2486	9	86	3	58
2487	9	87	1	51
2488	9	88	3	59
2489	9	89	3	58
2490	9	90	1	54
2491	9	91	4	56
2492	9	92	3	53
2493	9	93	1	49
2494	9	94	1	48
2495	9	95	1	49
2496	9	96	4	58
2497	9	97	4	60
2498	9	98	4	55
2499	9	99	4	56
2500	9	100	4	59
2501	9	101	4	59
2502	9	102	4	59
2503	9	103	4	60
2504	9	104	4	57
2505	9	105	2	45
2506	9	106	3	52
2507	9	107	4	63
2508	9	108	4	63
2509	9	109	2	51
2510	9	110	2	53
2511	9	111	4	71
2512	9	112	2	56
2513	9	113	4	66
2514	9	114	1	51
2515	9	115	4	72
2516	9	116	3	48
2517	9	117	4	70
2518	9	118	2	53
2519	9	119	2	54
2520	9	120	2	53
2521	9	121	2	52
2522	9	122	1	49
2523	9	123	3	45
2524	9	124	4	70
2525	9	125	4	68
2526	9	126	4	69
2527	9	127	4	72
2528	9	128	3	48
2529	9	129	4	79
2530	9	130	4	80
2531	9	131	1	59
2532	9	132	4	84
2533	9	133	4	85
2534	9	134	4	85
2535	9	135	4	88
2536	9	136	4	82
2537	9	137	4	80
2538	9	138	1	65
2539	9	139	4	73
2540	9	140	1	68
2541	9	141	4	76
2542	9	142	2	64
2543	9	143	4	77
2544	9	144	1	71
2545	9	145	1	70
2546	9	146	4	79
2547	9	147	4	79
2548	9	148	4	79
2549	9	149	4	76
2550	9	150	4	76
2551	9	151	4	78
2552	9	152	4	77
2553	9	153	4	78
2554	9	154	4	76
2555	9	155	2	67
2556	9	156	1	65
2557	9	157	1	69
2558	9	158	1	73
2559	9	159	4	73
2560	9	160	4	74
2561	9	161	4	69
2562	9	162	4	68
2563	9	163	2	78
2564	9	164	2	79
2565	9	165	2	82
2566	9	166	4	62
2567	9	167	2	84
2568	9	168	4	59
2569	9	169	2	84
2570	9	170	4	72
2571	9	171	2	84
2572	9	172	4	78
2573	9	173	1	64
2574	9	174	4	76
2575	9	175	4	73
2576	9	176	2	85
2577	9	177	4	70
2578	9	178	4	73
2579	9	179	2	87
2580	9	180	2	86
2581	9	181	2	86
2582	9	182	2	89
2583	9	183	2	86
2584	9	184	2	81
2585	9	185	2	80
2586	9	186	2	77
2587	9	187	3	67
2588	9	188	4	57
2589	9	189	3	68
2590	9	190	2	91
2591	9	191	2	91
2592	9	192	2	87
2593	9	193	2	87
2594	9	194	2	83
2595	9	195	1	45
2596	9	196	3	63
2597	9	197	2	92
2598	9	198	2	90
2599	9	199	2	90
2600	9	200	2	91
2601	9	201	4	49
2602	9	202	2	88
2603	9	203	2	90
2604	9	204	2	88
2605	9	205	2	84
2606	9	206	2	86
2607	9	207	2	81
2608	9	208	2	81
2609	9	209	2	82
2610	9	210	2	81
2611	9	211	1	55
2612	9	212	2	78
2613	9	213	2	80
2614	9	214	2	80
2615	9	215	2	80
2616	9	216	2	81
2617	9	217	2	78
2618	9	218	2	80
2619	9	219	2	78
2620	9	220	3	65
2621	9	221	2	78
2622	9	222	3	68
2623	9	223	2	73
2624	9	224	3	68
2625	9	225	3	70
2626	9	226	2	70
2627	9	227	3	75
2628	9	228	3	77
2629	9	229	2	74
2630	9	230	3	79
2631	9	231	3	82
2632	9	232	3	79
2633	9	233	3	75
2634	9	234	2	73
2635	9	235	1	67
2636	9	236	3	69
2637	9	237	4	32
2638	9	238	3	65
2639	9	239	1	74
2640	9	240	3	63
2641	9	241	1	70
2642	9	242	3	62
2643	9	243	2	57
2644	9	244	3	66
2645	9	245	2	52
2646	9	246	1	67
2647	9	247	1	63
2648	9	248	3	55
2649	9	249	4	45
2650	9	250	3	51
2651	9	251	3	51
2652	9	252	3	54
2653	9	253	1	58
2654	9	254	1	60
2655	9	255	1	62
2656	9	256	1	66
2657	9	257	1	67
2658	9	258	1	65
2659	9	259	2	52
2660	9	260	4	47
2661	9	261	1	61
2662	9	262	1	59
2663	9	263	1	60
2664	9	264	3	52
2665	9	265	1	64
2666	9	266	1	64
2667	9	267	4	46
2668	9	268	4	46
2669	9	269	1	63
2670	9	270	1	63
2671	9	271	4	42
2672	9	272	2	27
2673	9	273	1	63
2674	9	274	1	61
2675	9	275	3	68
2676	9	276	3	69
2677	9	277	3	69
2678	9	278	3	70
2679	9	279	3	67
2680	9	280	1	71
2681	9	281	1	73
2682	9	282	3	62
2683	9	283	3	69
2684	9	284	1	73
2685	9	285	3	65
2686	9	286	4	38
2687	9	287	3	66
2688	9	288	3	68
2689	9	289	1	72
2690	9	290	1	67
2691	9	291	3	64
2692	9	292	3	63
2693	9	293	4	36
2694	9	294	1	66
2695	9	295	3	57
2696	9	296	1	64
2697	9	297	1	66
2698	9	298	3	68
2699	9	299	1	62
2700	9	300	3	64
2701	10	1	1	62
2702	10	2	4	34
2703	10	3	3	88
2704	10	4	2	36
2705	10	5	3	91
2706	10	6	3	97
2707	10	7	3	94
2708	10	8	3	94
2709	10	9	3	93
2710	10	10	3	93
2711	10	11	3	88
2712	10	12	3	87
2713	10	13	3	85
2714	10	14	3	85
2715	10	15	3	81
2716	10	16	3	76
2717	10	17	3	73
2718	10	18	3	65
2719	10	19	3	64
2720	10	20	3	61
2721	10	21	3	60
2722	10	22	3	61
2723	10	23	3	68
2724	10	24	2	31
2725	10	25	3	69
2726	10	26	3	68
2727	10	27	3	62
2728	10	28	3	61
2729	10	29	4	32
2730	10	30	3	68
2731	10	31	3	68
2732	10	32	1	62
2733	10	33	3	66
2734	10	34	3	64
2735	10	35	3	68
2736	10	36	3	71
2737	10	37	3	69
2738	10	38	2	44
2739	10	39	1	72
2740	10	40	3	59
2741	10	41	1	70
2742	10	42	3	56
2743	10	43	1	69
2744	10	44	1	69
2745	10	45	1	71
2746	10	46	1	68
2747	10	47	1	70
2748	10	48	1	70
2749	10	49	1	72
2750	10	50	3	64
2751	10	51	1	70
2752	10	52	1	67
2753	10	53	1	67
2754	10	54	1	65
2755	10	55	1	66
2756	10	56	2	38
2757	10	57	2	36
2758	10	58	1	53
2759	10	59	1	51
2760	10	60	3	58
2761	10	61	1	58
2762	10	62	3	60
2763	10	63	2	32
2764	10	64	4	53
2765	10	65	3	44
2766	10	66	4	55
2767	10	67	1	59
2768	10	68	3	47
2769	10	69	3	48
2770	10	70	4	48
2771	10	71	2	23
2772	10	72	4	48
2773	10	73	1	58
2774	10	74	1	59
2775	10	75	1	61
2776	10	76	4	55
2777	10	77	1	53
2778	10	78	1	52
2779	10	79	4	57
2780	10	80	4	55
2781	10	81	2	31
2782	10	82	4	53
2783	10	83	4	57
2784	10	84	3	58
2785	10	85	3	58
2786	10	86	3	58
2787	10	87	3	59
2788	10	88	4	60
2789	10	89	3	58
2790	10	90	4	61
2791	10	91	2	37
2792	10	92	3	53
2793	10	93	1	49
2794	10	94	4	60
2795	10	95	1	49
2796	10	96	4	58
2797	10	97	4	60
2798	10	98	4	55
2799	10	99	3	58
2800	10	100	3	55
2801	10	101	3	53
2802	10	102	3	51
2803	10	103	4	60
2804	10	104	3	47
2805	10	105	4	62
2806	10	106	4	62
2807	10	107	4	63
2808	10	108	1	48
2809	10	109	4	66
2810	10	110	1	38
2811	10	111	4	71
2812	10	112	4	67
2813	10	113	3	48
2814	10	114	4	69
2815	10	115	4	72
2816	10	116	4	68
2817	10	117	4	70
2818	10	118	4	71
2819	10	119	4	70
2820	10	120	4	69
2821	10	121	1	51
2822	10	122	4	77
2823	10	123	4	72
2824	10	124	4	70
2825	10	125	2	55
2826	10	126	3	49
2827	10	127	1	50
2828	10	128	4	75
2829	10	129	4	79
2830	10	130	4	80
2831	10	131	4	81
2832	10	132	4	84
2833	10	133	4	85
2834	10	134	4	85
2835	10	135	4	88
2836	10	136	4	82
2837	10	137	4	80
2838	10	138	4	75
2839	10	139	4	73
2840	10	140	4	75
2841	10	141	4	76
2842	10	142	4	77
2843	10	143	4	77
2844	10	144	4	77
2845	10	145	4	74
2846	10	146	4	79
2847	10	147	4	79
2848	10	148	4	79
2849	10	149	4	76
2850	10	150	4	76
2851	10	151	4	78
2852	10	152	4	77
2853	10	153	2	69
2854	10	154	4	76
2855	10	155	4	80
2856	10	156	4	74
2857	10	157	4	72
2858	10	158	4	69
2859	10	159	4	73
2860	10	160	4	74
2861	10	161	4	69
2862	10	162	4	68
2863	10	163	1	71
2864	10	164	1	72
2865	10	165	1	68
2866	10	166	4	62
2867	10	167	2	84
2868	10	168	4	59
2869	10	169	1	65
2870	10	170	1	62
2871	10	171	2	84
2872	10	172	2	85
2873	10	173	2	82
2874	10	174	2	84
2875	10	175	2	84
2876	10	176	2	85
2877	10	177	2	88
2878	10	178	2	90
2879	10	179	2	87
2880	10	180	2	86
2881	10	181	2	86
2882	10	182	2	89
2883	10	183	2	86
2884	10	184	2	81
2885	10	185	2	80
2886	10	186	2	77
2887	10	187	2	81
2888	10	188	2	86
2889	10	189	2	85
2890	10	190	2	91
2891	10	191	2	91
2892	10	192	2	87
2893	10	193	2	87
2894	10	194	2	83
2895	10	195	2	85
2896	10	196	2	91
2897	10	197	2	92
2898	10	198	2	90
2899	10	199	2	90
2900	10	200	2	91
2901	10	201	2	89
2902	10	202	2	88
2903	10	203	2	90
2904	10	204	2	88
2905	10	205	2	84
2906	10	206	2	86
2907	10	207	2	81
2908	10	208	2	81
2909	10	209	2	82
2910	10	210	2	81
2911	10	211	2	78
2912	10	212	2	78
2913	10	213	2	80
2914	10	214	2	80
2915	10	215	2	80
2916	10	216	2	81
2917	10	217	2	78
2918	10	218	2	80
2919	10	219	2	78
2920	10	220	2	76
2921	10	221	2	78
2922	10	222	2	74
2923	10	223	2	73
2924	10	224	2	73
2925	10	225	3	70
2926	10	226	3	72
2927	10	227	4	26
2928	10	228	3	77
2929	10	229	3	76
2930	10	230	3	79
2931	10	231	2	74
2932	10	232	2	75
2933	10	233	3	75
2934	10	234	2	73
2935	10	235	2	69
2936	10	236	4	32
2937	10	237	2	67
2938	10	238	3	65
2939	10	239	2	60
2940	10	240	3	63
2941	10	241	2	62
2942	10	242	3	62
2943	10	243	3	59
2944	10	244	2	55
2945	10	245	2	52
2946	10	246	3	58
2947	10	247	1	63
2948	10	248	2	49
2949	10	249	1	63
2950	10	250	3	51
2951	10	251	3	51
2952	10	252	1	56
2953	10	253	1	58
2954	10	254	3	50
2955	10	255	2	53
2956	10	256	1	66
2957	10	257	1	67
2958	10	258	1	65
2959	10	259	1	63
2960	10	260	1	60
2961	10	261	1	61
2962	10	262	1	59
2963	10	263	1	60
2964	10	264	1	62
2965	10	265	1	64
2966	10	266	1	64
2967	10	267	1	63
2968	10	268	3	60
2969	10	269	1	63
2970	10	270	1	63
2971	10	271	1	63
2972	10	272	1	64
2973	10	273	4	42
2974	10	274	1	61
2975	10	275	1	62
2976	10	276	3	69
2977	10	277	3	69
2978	10	278	4	42
2979	10	279	3	67
2980	10	280	4	45
2981	10	281	3	60
2982	10	282	3	62
2983	10	283	3	69
2984	10	284	3	65
2985	10	285	3	65
2986	10	286	3	63
2987	10	287	3	66
2988	10	288	3	68
2989	10	289	3	67
2990	10	290	3	61
2991	10	291	3	64
2992	10	292	2	32
2993	10	293	3	63
2994	10	294	3	58
2995	10	295	3	57
2996	10	296	3	57
2997	10	297	3	67
2998	10	298	3	68
2999	10	299	3	66
3000	10	300	3	64
