"trialNum"	"cue"	"keyPressed"	"success"	"congruentOutcome"	"outcome"	"subjID"
1	1	1	1	2	0	1
2	2	0	1	1	1	1
3	4	0	1	1	0	1
4	4	1	0	1	-1	1
5	4	0	1	1	0	1
6	1	1	1	1	1	1
7	3	0	0	1	-1	1
8	1	1	1	1	1	1
9	3	1	1	1	0	1
10	3	0	0	1	-1	1
11	4	0	1	1	0	1
12	4	0	1	1	0	1
13	4	0	1	1	0	1
14	1	1	1	1	1	1
15	1	1	1	1	1	1
16	2	0	1	1	1	1
17	2	0	1	1	1	1
18	4	0	1	1	0	1
19	2	0	1	1	1	1
20	3	1	1	1	0	1
21	3	1	1	1	0	1
22	4	1	0	2	0	1
23	2	0	1	1	1	1
24	3	0	0	1	-1	1
25	1	1	1	1	1	1
26	3	0	0	1	-1	1
27	4	0	1	1	0	1
28	1	1	1	1	1	1
29	4	1	0	2	0	1
30	2	0	1	2	0	1
31	2	0	1	1	1	1
32	4	1	0	2	0	1
33	2	0	1	1	1	1
34	2	0	1	1	1	1
35	3	1	1	1	0	1
36	2	0	1	1	1	1
37	1	1	1	1	1	1
38	4	0	1	1	0	1
39	4	0	1	1	0	1
40	4	1	0	1	-1	1
41	3	1	1	1	0	1
42	2	0	1	1	1	1
43	2	0	1	1	1	1
44	2	0	1	1	1	1
45	2	0	1	1	1	1
46	3	1	1	1	0	1
47	2	0	1	1	1	1
48	2	0	1	1	1	1
49	1	1	1	1	1	1
50	3	1	1	2	-1	1
51	2	1	0	1	0	1
52	1	1	1	1	1	1
53	3	1	1	1	0	1
54	4	0	1	1	0	1
55	3	1	1	2	-1	1
56	1	1	1	1	1	1
57	3	0	0	1	-1	1
58	1	1	1	1	1	1
59	3	1	1	2	-1	1
60	1	1	1	1	1	1
61	3	1	1	1	0	1
62	4	1	0	1	-1	1
63	1	1	1	1	1	1
64	1	1	1	1	1	1
65	4	0	1	1	0	1
66	1	1	1	1	1	1
67	3	1	1	1	0	1
68	2	0	1	1	1	1
69	3	1	1	2	-1	1
70	1	1	1	1	1	1
71	2	0	1	1	1	1
72	2	0	1	1	1	1
73	1	1	1	1	1	1
74	4	0	1	2	-1	1
75	2	0	1	2	0	1
76	1	1	1	2	0	1
77	4	1	0	1	-1	1
78	1	1	1	1	1	1
79	3	1	1	2	-1	1
80	3	1	1	1	0	1
81	1	1	1	1	1	1
82	1	1	1	1	1	1
83	3	0	0	1	-1	1
84	2	0	1	1	1	1
85	4	0	1	1	0	1
86	3	1	1	1	0	1
87	4	0	1	1	0	1
88	2	0	1	1	1	1
89	1	1	1	1	1	1
90	4	0	1	1	0	1
91	1	1	1	2	0	1
92	2	0	1	2	0	1
93	1	1	1	1	1	1
94	4	0	1	1	0	1
95	2	0	1	1	1	1
96	4	1	0	1	-1	1
97	3	1	1	1	0	1
98	3	1	1	1	0	1
99	3	1	1	1	0	1
100	1	1	1	1	1	1
101	2	0	1	1	1	1
102	4	0	1	2	-1	1
103	4	0	1	1	0	1
104	3	0	0	1	-1	1
105	1	1	1	1	1	1
106	4	0	1	1	0	1
107	2	0	1	1	1	1
108	2	0	1	1	1	1
109	3	1	1	1	0	1
110	4	0	1	1	0	1
111	3	1	1	1	0	1
112	3	1	1	1	0	1
113	1	1	1	1	1	1
114	3	1	1	1	0	1
115	4	0	1	2	-1	1
116	1	0	0	1	0	1
117	1	1	1	1	1	1
118	1	1	1	1	1	1
119	3	0	0	1	-1	1
120	2	0	1	1	1	1
121	2	0	1	2	0	1
122	4	0	1	1	0	1
123	1	1	1	2	0	1
124	4	0	1	1	0	1
125	3	1	1	2	-1	1
126	2	0	1	1	1	1
127	4	0	1	1	0	1
128	4	0	1	1	0	1
129	4	0	1	1	0	1
130	4	1	0	1	-1	1
131	2	0	1	1	1	1
132	3	1	1	2	-1	1
133	1	0	0	1	0	1
134	1	1	1	1	1	1
135	3	1	1	1	0	1
136	3	1	1	1	0	1
137	4	0	1	2	-1	1
138	4	0	1	1	0	1
139	3	1	1	1	0	1
140	3	1	1	2	-1	1
141	3	0	0	1	-1	1
142	2	0	1	2	0	1
143	2	0	1	2	0	1
144	2	0	1	2	0	1
145	4	0	1	1	0	1
146	1	1	1	2	0	1
147	3	1	1	1	0	1
148	3	1	1	1	0	1
149	2	0	1	2	0	1
150	1	1	1	1	1	1
151	1	1	1	2	0	1
152	1	1	1	1	1	1
153	3	1	1	1	0	1
154	4	0	1	1	0	1
155	1	1	1	1	1	1
156	3	1	1	1	0	1
157	4	1	0	1	-1	1
158	4	0	1	1	0	1
159	3	1	1	1	0	1
160	2	0	1	1	1	1
161	2	0	1	1	1	1
162	2	0	1	2	0	1
163	3	1	1	1	0	1
164	4	0	1	2	-1	1
165	3	1	1	1	0	1
166	4	0	1	2	-1	1
167	2	0	1	1	1	1
168	2	0	1	2	0	1
169	1	1	1	1	1	1
170	4	0	1	1	0	1
171	3	1	1	2	-1	1
172	3	1	1	2	-1	1
173	2	0	1	1	1	1
174	3	1	1	1	0	1
175	4	1	0	1	-1	1
176	2	0	1	1	1	1
177	4	0	1	1	0	1
178	2	0	1	2	0	1
179	4	0	1	1	0	1
180	1	1	1	2	0	1
181	1	1	1	1	1	1
182	3	1	1	1	0	1
183	2	0	1	1	1	1
184	1	1	1	1	1	1
185	4	0	1	1	0	1
186	3	1	1	1	0	1
187	1	1	1	1	1	1
188	3	1	1	2	-1	1
189	4	0	1	1	0	1
190	4	0	1	1	0	1
191	2	0	1	1	1	1
192	2	0	1	1	1	1
193	1	1	1	1	1	1
194	2	0	1	1	1	1
195	2	0	1	2	0	1
196	2	0	1	1	1	1
197	1	1	1	1	1	1
198	4	0	1	1	0	1
199	3	1	1	1	0	1
200	3	1	1	1	0	1
201	3	1	1	1	0	1
202	1	1	1	1	1	1
203	3	1	1	1	0	1
204	2	0	1	1	1	1
205	4	0	1	2	-1	1
206	2	0	1	1	1	1
207	4	0	1	1	0	1
208	4	0	1	1	0	1
209	1	1	1	1	1	1
210	3	1	1	1	0	1
211	3	1	1	1	0	1
212	1	1	1	1	1	1
213	1	1	1	1	1	1
214	2	0	1	1	1	1
215	1	1	1	1	1	1
216	3	1	1	1	0	1
217	4	0	1	2	-1	1
218	2	0	1	1	1	1
219	2	0	1	1	1	1
220	1	1	1	2	0	1
221	2	0	1	1	1	1
222	1	1	1	1	1	1
223	1	1	1	1	1	1
224	4	0	1	2	-1	1
225	1	1	1	1	1	1
226	2	0	1	1	1	1
227	4	1	0	1	-1	1
228	3	1	1	1	0	1
229	4	1	0	1	-1	1
230	1	1	1	1	1	1
231	2	0	1	1	1	1
232	1	1	1	1	1	1
233	3	1	1	1	0	1
234	2	0	1	1	1	1
235	1	1	1	1	1	1
236	4	1	0	1	-1	1
237	2	0	1	1	1	1
238	1	1	1	1	1	1
239	4	0	1	1	0	1
240	1	1	1	1	1	1
1	1	1	1	1	1	2
2	1	1	1	1	1	2
3	3	1	1	1	0	2
4	3	0	0	1	-1	2
5	1	1	1	1	1	2
6	4	1	0	1	-1	2
7	4	0	1	1	0	2
8	3	1	1	1	0	2
9	3	1	1	1	0	2
10	3	0	0	1	-1	2
11	1	1	1	1	1	2
12	4	0	1	1	0	2
13	1	1	1	1	1	2
14	4	0	1	1	0	2
15	4	0	1	1	0	2
16	3	1	1	1	0	2
17	2	0	1	1	1	2
18	4	0	1	2	-1	2
19	1	1	1	1	1	2
20	2	0	1	1	1	2
21	4	0	1	1	0	2
22	4	1	0	2	0	2
23	1	1	1	2	0	2
24	4	0	1	1	0	2
25	2	0	1	1	1	2
26	2	0	1	1	1	2
27	2	0	1	2	0	2
28	1	1	1	1	1	2
29	2	0	1	1	1	2
30	1	1	1	1	1	2
31	4	0	1	2	-1	2
32	2	0	1	2	0	2
33	3	1	1	2	-1	2
34	3	1	1	2	-1	2
35	2	0	1	1	1	2
36	3	0	0	1	-1	2
37	4	1	0	1	-1	2
38	4	1	0	1	-1	2
39	4	0	1	1	0	2
40	1	1	1	1	1	2
41	4	0	1	1	0	2
42	3	1	1	1	0	2
43	3	0	0	1	-1	2
44	1	1	1	2	0	2
45	3	1	1	1	0	2
46	4	0	1	1	0	2
47	4	0	1	1	0	2
48	2	0	1	1	1	2
49	2	0	1	1	1	2
50	2	0	1	1	1	2
51	1	1	1	1	1	2
52	3	1	1	1	0	2
53	3	1	1	1	0	2
54	4	1	0	1	-1	2
55	1	1	1	1	1	2
56	1	1	1	1	1	2
57	2	0	1	1	1	2
58	1	1	1	1	1	2
59	1	1	1	2	0	2
60	3	1	1	1	0	2
61	2	0	1	1	1	2
62	1	1	1	1	1	2
63	3	1	1	2	-1	2
64	3	1	1	1	0	2
65	1	1	1	2	0	2
66	2	0	1	2	0	2
67	2	0	1	2	0	2
68	4	0	1	1	0	2
69	3	1	1	1	0	2
70	2	0	1	1	1	2
71	4	0	1	1	0	2
72	4	0	1	1	0	2
73	4	0	1	2	-1	2
74	1	1	1	1	1	2
75	4	1	0	1	-1	2
76	4	0	1	1	0	2
77	3	1	1	1	0	2
78	4	0	1	2	-1	2
79	3	0	0	1	-1	2
80	4	0	1	1	0	2
81	3	1	1	2	-1	2
82	3	1	1	1	0	2
83	3	1	1	2	-1	2
84	3	1	1	1	0	2
85	3	1	1	1	0	2
86	3	1	1	1	0	2
87	2	0	1	1	1	2
88	4	0	1	1	0	2
89	4	0	1	1	0	2
90	2	0	1	2	0	2
91	4	1	0	1	-1	2
92	1	1	1	2	0	2
93	4	0	1	2	-1	2
94	2	0	1	2	0	2
95	2	0	1	1	1	2
96	3	1	1	2	-1	2
97	2	0	1	1	1	2
98	1	1	1	1	1	2
99	1	1	1	1	1	2
100	1	1	1	2	0	2
101	1	1	1	1	1	2
102	1	1	1	2	0	2
103	1	1	1	1	1	2
104	4	1	0	2	0	2
105	4	0	1	1	0	2
106	2	0	1	2	0	2
107	3	1	1	1	0	2
108	3	1	1	2	-1	2
109	3	1	1	1	0	2
110	1	1	1	2	0	2
111	3	1	1	1	0	2
112	2	0	1	1	1	2
113	3	1	1	2	-1	2
114	1	1	1	1	1	2
115	3	1	1	2	-1	2
116	3	0	0	2	0	2
117	4	1	0	1	-1	2
118	2	0	1	1	1	2
119	2	0	1	2	0	2
120	4	0	1	1	0	2
121	1	1	1	1	1	2
122	2	0	1	1	1	2
123	4	0	1	2	-1	2
124	3	0	0	1	-1	2
125	3	1	1	1	0	2
126	4	0	1	1	0	2
127	2	0	1	2	0	2
128	3	1	1	1	0	2
129	4	1	0	1	-1	2
130	4	0	1	1	0	2
131	2	0	1	1	1	2
132	2	0	1	2	0	2
133	3	1	1	1	0	2
134	3	0	0	1	-1	2
135	1	1	1	1	1	2
136	4	0	1	2	-1	2
137	2	0	1	1	1	2
138	4	0	1	1	0	2
139	4	0	1	1	0	2
140	1	1	1	1	1	2
141	3	1	1	2	-1	2
142	2	0	1	1	1	2
143	2	1	0	2	1	2
144	4	0	1	1	0	2
145	2	0	1	1	1	2
146	4	0	1	2	-1	2
147	2	0	1	2	0	2
148	2	0	1	2	0	2
149	1	1	1	1	1	2
150	3	1	1	2	-1	2
151	2	0	1	1	1	2
152	4	1	0	2	0	2
153	4	1	0	2	0	2
154	3	1	1	1	0	2
155	3	1	1	1	0	2
156	2	0	1	1	1	2
157	1	1	1	1	1	2
158	2	0	1	2	0	2
159	1	1	1	2	0	2
160	1	1	1	1	1	2
161	1	1	1	1	1	2
162	1	1	1	1	1	2
163	3	1	1	2	-1	2
164	3	0	0	1	-1	2
165	1	1	1	2	0	2
166	3	1	1	2	-1	2
167	2	0	1	1	1	2
168	4	1	0	1	-1	2
169	2	0	1	1	1	2
170	1	1	1	1	1	2
171	3	1	1	1	0	2
172	1	1	1	1	1	2
173	4	1	0	1	-1	2
174	1	1	1	1	1	2
175	3	1	1	2	-1	2
176	1	1	1	1	1	2
177	4	0	1	1	0	2
178	2	0	1	1	1	2
179	3	1	1	2	-1	2
180	2	0	1	1	1	2
181	3	1	1	2	-1	2
182	1	1	1	1	1	2
183	3	0	0	1	-1	2
184	4	0	1	1	0	2
185	3	1	1	2	-1	2
186	2	0	1	1	1	2
187	2	0	1	1	1	2
188	1	1	1	1	1	2
189	1	1	1	1	1	2
190	1	1	1	2	0	2
191	2	0	1	1	1	2
192	2	0	1	1	1	2
193	3	1	1	2	-1	2
194	1	1	1	1	1	2
195	2	0	1	1	1	2
196	2	0	1	1	1	2
197	1	1	1	1	1	2
198	3	0	0	1	-1	2
199	1	1	1	1	1	2
200	4	0	1	1	0	2
201	2	0	1	1	1	2
202	3	0	0	1	-1	2
203	4	0	1	2	-1	2
204	1	1	1	1	1	2
205	1	1	1	1	1	2
206	2	0	1	1	1	2
207	3	1	1	1	0	2
208	1	1	1	1	1	2
209	2	0	1	1	1	2
210	1	1	1	1	1	2
211	4	1	0	2	0	2
212	4	0	1	1	0	2
213	4	1	0	1	-1	2
214	1	1	1	1	1	2
215	3	1	1	1	0	2
216	2	0	1	1	1	2
217	1	1	1	1	1	2
218	2	0	1	1	1	2
219	4	0	1	1	0	2
220	4	0	1	2	-1	2
221	4	1	0	1	-1	2
222	4	1	0	1	-1	2
223	1	1	1	2	0	2
224	2	0	1	1	1	2
225	1	1	1	1	1	2
226	1	1	1	2	0	2
227	1	1	1	1	1	2
228	2	1	0	1	0	2
229	2	0	1	1	1	2
230	2	0	1	1	1	2
231	2	0	1	1	1	2
232	4	1	0	1	-1	2
233	3	1	1	1	0	2
234	3	1	1	1	0	2
235	4	0	1	2	-1	2
236	1	1	1	1	1	2
237	4	0	1	1	0	2
238	2	0	1	2	0	2
239	3	1	1	1	0	2
240	2	0	1	1	1	2
1	3	0	0	1	-1	3
2	2	0	1	1	1	3
3	1	0	0	1	0	3
4	3	1	1	1	0	3
5	2	0	1	1	1	3
6	1	0	0	1	0	3
7	1	1	1	1	1	3
8	1	1	1	1	1	3
9	1	1	1	2	0	3
10	1	1	1	1	1	3
11	1	0	0	2	1	3
12	4	1	0	1	-1	3
13	1	1	1	1	1	3
14	4	0	1	1	0	3
15	2	0	1	2	0	3
16	3	1	1	1	0	3
17	2	0	1	1	1	3
18	3	1	1	2	-1	3
19	3	1	1	2	-1	3
20	1	1	1	1	1	3
21	1	1	1	1	1	3
22	1	1	1	1	1	3
23	3	0	0	2	0	3
24	3	0	0	2	0	3
25	1	1	1	1	1	3
26	4	0	1	1	0	3
27	4	0	1	1	0	3
28	1	1	1	1	1	3
29	3	1	1	1	0	3
30	4	0	1	1	0	3
31	2	0	1	1	1	3
32	3	0	0	1	-1	3
33	2	0	1	1	1	3
34	4	0	1	1	0	3
35	4	1	0	1	-1	3
36	3	0	0	2	0	3
37	1	1	1	1	1	3
38	1	1	1	1	1	3
39	1	0	0	1	0	3
40	3	0	0	1	-1	3
41	4	1	0	1	-1	3
42	1	1	1	1	1	3
43	3	0	0	1	-1	3
44	2	0	1	1	1	3
45	1	1	1	1	1	3
46	2	1	0	2	1	3
47	2	0	1	1	1	3
48	4	0	1	2	-1	3
49	2	0	1	1	1	3
50	3	1	1	2	-1	3
51	1	1	1	2	0	3
52	4	0	1	2	-1	3
53	1	1	1	1	1	3
54	4	1	0	1	-1	3
55	2	0	1	1	1	3
56	3	1	1	1	0	3
57	3	1	1	1	0	3
58	2	0	1	1	1	3
59	3	0	0	2	0	3
60	4	0	1	1	0	3
61	1	1	1	1	1	3
62	2	0	1	1	1	3
63	3	1	1	1	0	3
64	2	1	0	1	0	3
65	2	0	1	1	1	3
66	4	0	1	2	-1	3
67	2	0	1	1	1	3
68	2	0	1	1	1	3
69	4	1	0	1	-1	3
70	4	0	1	1	0	3
71	2	0	1	2	0	3
72	1	1	1	1	1	3
73	4	0	1	1	0	3
74	3	0	0	2	0	3
75	3	1	1	1	0	3
76	2	0	1	1	1	3
77	3	1	1	1	0	3
78	4	1	0	1	-1	3
79	3	1	1	2	-1	3
80	4	0	1	2	-1	3
81	3	1	1	1	0	3
82	1	1	1	1	1	3
83	2	0	1	1	1	3
84	3	0	0	1	-1	3
85	2	0	1	1	1	3
86	3	0	0	1	-1	3
87	2	0	1	1	1	3
88	2	0	1	1	1	3
89	3	1	1	1	0	3
90	4	0	1	2	-1	3
91	4	1	0	1	-1	3
92	2	0	1	1	1	3
93	4	0	1	1	0	3
94	1	1	1	1	1	3
95	2	0	1	2	0	3
96	1	1	1	1	1	3
97	2	0	1	2	0	3
98	4	0	1	1	0	3
99	4	0	1	1	0	3
100	4	0	1	2	-1	3
101	3	1	1	1	0	3
102	2	0	1	1	1	3
103	2	0	1	1	1	3
104	4	1	0	2	0	3
105	2	0	1	1	1	3
106	1	1	1	2	0	3
107	1	1	1	1	1	3
108	2	0	1	1	1	3
109	2	0	1	2	0	3
110	2	0	1	2	0	3
111	2	0	1	2	0	3
112	1	1	1	1	1	3
113	2	0	1	1	1	3
114	4	0	1	1	0	3
115	1	1	1	1	1	3
116	2	0	1	1	1	3
117	4	0	1	2	-1	3
118	3	0	0	1	-1	3
119	3	1	1	2	-1	3
120	1	1	1	1	1	3
121	4	0	1	1	0	3
122	1	1	1	1	1	3
123	2	0	1	2	0	3
124	1	1	1	1	1	3
125	4	0	1	2	-1	3
126	3	1	1	1	0	3
127	2	0	1	2	0	3
128	3	1	1	1	0	3
129	4	0	1	1	0	3
130	3	1	1	2	-1	3
131	2	0	1	1	1	3
132	3	1	1	1	0	3
133	2	0	1	1	1	3
134	2	0	1	2	0	3
135	3	1	1	1	0	3
136	3	1	1	2	-1	3
137	1	1	1	1	1	3
138	2	0	1	1	1	3
139	1	1	1	2	0	3
140	4	0	1	2	-1	3
141	2	0	1	1	1	3
142	1	1	1	2	0	3
143	3	1	1	2	-1	3
144	3	1	1	1	0	3
145	2	0	1	1	1	3
146	3	1	1	1	0	3
147	2	1	0	1	0	3
148	4	0	1	1	0	3
149	1	1	1	1	1	3
150	1	1	1	2	0	3
151	1	1	1	1	1	3
152	2	0	1	1	1	3
153	3	0	0	1	-1	3
154	1	1	1	1	1	3
155	4	1	0	2	0	3
156	1	1	1	2	0	3
157	4	1	0	1	-1	3
158	3	1	1	1	0	3
159	1	1	1	1	1	3
160	4	0	1	1	0	3
161	1	1	1	1	1	3
162	4	1	0	1	-1	3
163	1	1	1	2	0	3
164	4	0	1	1	0	3
165	4	0	1	1	0	3
166	1	1	1	2	0	3
167	3	1	1	1	0	3
168	2	0	1	1	1	3
169	4	0	1	1	0	3
170	2	0	1	1	1	3
171	4	1	0	1	-1	3
172	3	0	0	1	-1	3
173	4	0	1	2	-1	3
174	2	1	0	1	0	3
175	2	0	1	1	1	3
176	1	1	1	1	1	3
177	4	0	1	1	0	3
178	3	1	1	1	0	3
179	3	1	1	1	0	3
180	2	0	1	1	1	3
181	1	1	1	1	1	3
182	4	0	1	1	0	3
183	3	0	0	1	-1	3
184	3	1	1	1	0	3
185	4	0	1	1	0	3
186	4	0	1	1	0	3
187	1	1	1	1	1	3
188	4	0	1	1	0	3
189	3	1	1	2	-1	3
190	2	0	1	1	1	3
191	1	1	1	1	1	3
192	3	1	1	1	0	3
193	4	0	1	1	0	3
194	3	1	1	1	0	3
195	2	0	1	1	1	3
196	2	0	1	2	0	3
197	2	0	1	1	1	3
198	1	1	1	1	1	3
199	4	0	1	2	-1	3
200	4	1	0	1	-1	3
201	2	0	1	2	0	3
202	3	1	1	1	0	3
203	3	1	1	1	0	3
204	1	1	1	1	1	3
205	4	0	1	1	0	3
206	1	1	1	1	1	3
207	3	0	0	1	-1	3
208	3	1	1	2	-1	3
209	3	1	1	1	0	3
210	1	1	1	1	1	3
211	4	0	1	1	0	3
212	4	0	1	2	-1	3
213	4	0	1	1	0	3
214	1	1	1	1	1	3
215	1	1	1	1	1	3
216	4	0	1	2	-1	3
217	2	0	1	1	1	3
218	3	1	1	1	0	3
219	4	0	1	1	0	3
220	3	1	1	2	-1	3
221	1	1	1	2	0	3
222	1	1	1	1	1	3
223	3	1	1	1	0	3
224	1	1	1	1	1	3
225	2	0	1	1	1	3
226	1	1	1	2	0	3
227	3	0	0	1	-1	3
228	2	0	1	1	1	3
229	3	0	0	1	-1	3
230	4	0	1	1	0	3
231	3	1	1	2	-1	3
232	4	0	1	1	0	3
233	4	0	1	1	0	3
234	1	1	1	1	1	3
235	4	0	1	1	0	3
236	4	0	1	1	0	3
237	2	0	1	1	1	3
238	2	0	1	1	1	3
239	3	1	1	2	-1	3
240	1	1	1	2	0	3
1	3	1	1	1	0	4
2	3	0	0	1	-1	4
3	2	1	0	2	1	4
4	4	0	1	1	0	4
5	1	0	0	1	0	4
6	4	1	0	1	-1	4
7	2	1	0	1	0	4
8	2	0	1	1	1	4
9	3	1	1	1	0	4
10	4	1	0	1	-1	4
11	2	0	1	1	1	4
12	4	0	1	2	-1	4
13	1	0	0	1	0	4
14	4	0	1	1	0	4
15	4	1	0	1	-1	4
16	3	1	1	1	0	4
17	1	1	1	1	1	4
18	3	1	1	1	0	4
19	2	0	1	2	0	4
20	2	0	1	1	1	4
21	2	1	0	1	0	4
22	3	1	1	2	-1	4
23	3	0	0	1	-1	4
24	4	0	1	1	0	4
25	1	1	1	1	1	4
26	3	1	1	1	0	4
27	2	0	1	1	1	4
28	3	1	1	2	-1	4
29	4	0	1	1	0	4
30	4	0	1	1	0	4
31	3	1	1	1	0	4
32	1	1	1	2	0	4
33	3	1	1	1	0	4
34	2	0	1	1	1	4
35	4	1	0	1	-1	4
36	3	0	0	2	0	4
37	3	0	0	1	-1	4
38	2	0	1	1	1	4
39	4	0	1	1	0	4
40	2	0	1	2	0	4
41	1	1	1	1	1	4
42	4	0	1	1	0	4
43	3	1	1	1	0	4
44	2	0	1	2	0	4
45	1	1	1	1	1	4
46	3	1	1	1	0	4
47	3	1	1	1	0	4
48	2	1	0	1	0	4
49	1	1	1	1	1	4
50	1	1	1	1	1	4
51	1	1	1	1	1	4
52	2	0	1	2	0	4
53	3	1	1	1	0	4
54	2	0	1	1	1	4
55	1	1	1	1	1	4
56	1	1	1	1	1	4
57	3	0	0	1	-1	4
58	4	0	1	2	-1	4
59	2	0	1	1	1	4
60	1	1	1	2	0	4
61	1	1	1	1	1	4
62	2	0	1	1	1	4
63	1	1	1	2	0	4
64	4	0	1	1	0	4
65	2	0	1	1	1	4
66	1	1	1	1	1	4
67	2	0	1	1	1	4
68	3	1	1	2	-1	4
69	2	0	1	1	1	4
70	4	0	1	1	0	4
71	4	0	1	2	-1	4
72	1	1	1	2	0	4
73	2	0	1	1	1	4
74	2	0	1	1	1	4
75	4	0	1	1	0	4
76	4	0	1	1	0	4
77	1	1	1	1	1	4
78	1	1	1	1	1	4
79	2	0	1	1	1	4
80	4	1	0	1	-1	4
81	4	0	1	1	0	4
82	1	1	1	1	1	4
83	2	0	1	1	1	4
84	1	1	1	1	1	4
85	1	1	1	2	0	4
86	4	0	1	1	0	4
87	4	0	1	1	0	4
88	1	1	1	1	1	4
89	2	0	1	1	1	4
90	3	0	0	1	-1	4
91	3	1	1	1	0	4
92	1	1	1	1	1	4
93	3	1	1	2	-1	4
94	4	0	1	1	0	4
95	2	0	1	1	1	4
96	3	1	1	1	0	4
97	2	0	1	1	1	4
98	1	1	1	2	0	4
99	3	1	1	1	0	4
100	3	1	1	1	0	4
101	2	0	1	1	1	4
102	4	0	1	1	0	4
103	2	0	1	1	1	4
104	3	1	1	1	0	4
105	4	0	1	1	0	4
106	3	1	1	1	0	4
107	1	1	1	1	1	4
108	3	1	1	1	0	4
109	2	0	1	1	1	4
110	2	0	1	2	0	4
111	3	1	1	2	-1	4
112	1	1	1	1	1	4
113	4	0	1	1	0	4
114	2	0	1	1	1	4
115	3	0	0	1	-1	4
116	1	1	1	1	1	4
117	3	1	1	1	0	4
118	1	1	1	1	1	4
119	2	0	1	1	1	4
120	3	1	1	1	0	4
121	3	0	0	1	-1	4
122	4	0	1	2	-1	4
123	2	0	1	1	1	4
124	2	0	1	1	1	4
125	4	0	1	1	0	4
126	4	1	0	1	-1	4
127	1	1	1	1	1	4
128	1	1	1	1	1	4
129	2	0	1	1	1	4
130	1	1	1	1	1	4
131	4	0	1	1	0	4
132	3	1	1	1	0	4
133	4	0	1	1	0	4
134	1	1	1	1	1	4
135	4	0	1	1	0	4
136	2	0	1	2	0	4
137	4	0	1	1	0	4
138	1	1	1	1	1	4
139	2	0	1	1	1	4
140	1	1	1	1	1	4
141	2	0	1	1	1	4
142	3	1	1	1	0	4
143	2	0	1	1	1	4
144	4	0	1	1	0	4
145	2	0	1	1	1	4
146	1	1	1	2	0	4
147	3	1	1	1	0	4
148	2	0	1	1	1	4
149	2	0	1	1	1	4
150	1	1	1	1	1	4
151	3	1	1	2	-1	4
152	3	1	1	2	-1	4
153	1	1	1	1	1	4
154	1	1	1	1	1	4
155	3	1	1	1	0	4
156	3	1	1	1	0	4
157	2	0	1	1	1	4
158	1	1	1	1	1	4
159	4	0	1	1	0	4
160	4	0	1	1	0	4
161	3	1	1	1	0	4
162	3	1	1	1	0	4
163	4	0	1	1	0	4
164	2	0	1	1	1	4
165	4	0	1	1	0	4
166	4	0	1	1	0	4
167	3	1	1	1	0	4
168	1	1	1	1	1	4
169	4	0	1	1	0	4
170	2	0	1	1	1	4
171	1	1	1	2	0	4
172	4	0	1	1	0	4
173	1	1	1	1	1	4
174	4	0	1	2	-1	4
175	3	1	1	2	-1	4
176	4	0	1	1	0	4
177	4	0	1	1	0	4
178	4	0	1	1	0	4
179	2	0	1	1	1	4
180	3	1	1	2	-1	4
181	2	0	1	1	1	4
182	1	1	1	1	1	4
183	1	1	1	1	1	4
184	2	0	1	1	1	4
185	3	1	1	2	-1	4
186	4	0	1	2	-1	4
187	2	0	1	2	0	4
188	1	1	1	1	1	4
189	2	0	1	1	1	4
190	2	0	1	1	1	4
191	4	0	1	1	0	4
192	1	1	1	1	1	4
193	2	0	1	1	1	4
194	2	0	1	1	1	4
195	2	0	1	1	1	4
196	4	0	1	2	-1	4
197	3	0	0	2	0	4
198	1	1	1	1	1	4
199	3	1	1	1	0	4
200	3	1	1	1	0	4
201	2	0	1	1	1	4
202	3	1	1	1	0	4
203	3	1	1	1	0	4
204	2	0	1	1	1	4
205	1	1	1	1	1	4
206	1	1	1	2	0	4
207	4	0	1	1	0	4
208	4	0	1	2	-1	4
209	4	1	0	1	-1	4
210	1	1	1	1	1	4
211	3	1	1	2	-1	4
212	4	1	0	1	-1	4
213	3	0	0	1	-1	4
214	1	1	1	2	0	4
215	3	1	1	1	0	4
216	1	1	1	1	1	4
217	2	0	1	1	1	4
218	1	1	1	2	0	4
219	4	1	0	1	-1	4
220	3	1	1	1	0	4
221	3	1	1	1	0	4
222	3	1	1	1	0	4
223	4	0	1	1	0	4
224	3	1	1	1	0	4
225	4	1	0	1	-1	4
226	3	1	1	2	-1	4
227	4	0	1	2	-1	4
228	4	1	0	1	-1	4
229	2	0	1	1	1	4
230	1	1	1	1	1	4
231	4	0	1	1	0	4
232	1	1	1	1	1	4
233	4	0	1	1	0	4
234	1	1	1	1	1	4
235	2	0	1	1	1	4
236	3	1	1	2	-1	4
237	4	0	1	1	0	4
238	1	1	1	1	1	4
239	1	1	1	1	1	4
240	1	1	1	1	1	4
1	2	0	1	1	1	5
2	1	1	1	1	1	5
3	4	1	0	1	-1	5
4	1	1	1	1	1	5
5	4	1	0	2	0	5
6	1	1	1	1	1	5
7	4	0	1	2	-1	5
8	3	0	0	1	-1	5
9	3	1	1	1	0	5
10	4	1	0	2	0	5
11	1	1	1	2	0	5
12	1	1	1	1	1	5
13	4	1	0	1	-1	5
14	2	0	1	1	1	5
15	2	0	1	1	1	5
16	3	1	1	1	0	5
17	2	0	1	1	1	5
18	4	1	0	1	-1	5
19	2	0	1	1	1	5
20	1	1	1	1	1	5
21	1	1	1	1	1	5
22	2	0	1	1	1	5
23	1	1	1	1	1	5
24	3	1	1	1	0	5
25	4	0	1	1	0	5
26	3	1	1	1	0	5
27	4	0	1	2	-1	5
28	4	0	1	1	0	5
29	1	1	1	1	1	5
30	4	0	1	1	0	5
31	2	0	1	1	1	5
32	3	1	1	2	-1	5
33	3	1	1	1	0	5
34	4	0	1	1	0	5
35	2	0	1	1	1	5
36	4	0	1	1	0	5
37	3	0	0	1	-1	5
38	1	1	1	1	1	5
39	3	0	0	1	-1	5
40	3	1	1	1	0	5
41	1	1	1	2	0	5
42	4	0	1	1	0	5
43	4	0	1	1	0	5
44	1	1	1	1	1	5
45	3	1	1	1	0	5
46	2	0	1	2	0	5
47	4	0	1	1	0	5
48	4	0	1	1	0	5
49	4	0	1	2	-1	5
50	3	1	1	1	0	5
51	2	0	1	1	1	5
52	1	1	1	2	0	5
53	4	0	1	1	0	5
54	4	0	1	1	0	5
55	1	1	1	1	1	5
56	3	1	1	1	0	5
57	2	0	1	1	1	5
58	1	1	1	1	1	5
59	2	0	1	1	1	5
60	3	1	1	2	-1	5
61	1	1	1	1	1	5
62	1	1	1	2	0	5
63	3	0	0	1	-1	5
64	2	0	1	1	1	5
65	4	1	0	2	0	5
66	3	0	0	1	-1	5
67	4	1	0	1	-1	5
68	2	0	1	1	1	5
69	1	1	1	2	0	5
70	1	1	1	1	1	5
71	4	0	1	1	0	5
72	3	0	0	1	-1	5
73	2	0	1	2	0	5
74	3	1	1	1	0	5
75	4	0	1	1	0	5
76	4	0	1	2	-1	5
77	1	1	1	2	0	5
78	3	1	1	1	0	5
79	2	0	1	1	1	5
80	1	1	1	1	1	5
81	4	0	1	2	-1	5
82	1	1	1	1	1	5
83	4	1	0	1	-1	5
84	2	0	1	1	1	5
85	1	1	1	1	1	5
86	1	1	1	1	1	5
87	2	0	1	2	0	5
88	3	1	1	2	-1	5
89	3	0	0	1	-1	5
90	4	0	1	1	0	5
91	2	0	1	1	1	5
92	3	1	1	1	0	5
93	2	0	1	1	1	5
94	1	1	1	1	1	5
95	2	0	1	1	1	5
96	1	1	1	2	0	5
97	3	1	1	1	0	5
98	3	0	0	1	-1	5
99	4	0	1	1	0	5
100	1	1	1	2	0	5
101	4	0	1	1	0	5
102	1	1	1	1	1	5
103	4	0	1	1	0	5
104	1	1	1	1	1	5
105	1	1	1	1	1	5
106	4	1	0	1	-1	5
107	2	0	1	1	1	5
108	1	1	1	1	1	5
109	1	1	1	1	1	5
110	3	1	1	2	-1	5
111	2	0	1	1	1	5
112	3	1	1	2	-1	5
113	1	1	1	1	1	5
114	1	1	1	1	1	5
115	2	0	1	1	1	5
116	1	1	1	1	1	5
117	4	0	1	1	0	5
118	4	0	1	1	0	5
119	4	0	1	1	0	5
120	1	1	1	1	1	5
121	4	0	1	2	-1	5
122	2	0	1	1	1	5
123	1	1	1	1	1	5
124	2	0	1	1	1	5
125	3	1	1	2	-1	5
126	4	0	1	1	0	5
127	2	0	1	1	1	5
128	3	1	1	1	0	5
129	3	1	1	1	0	5
130	3	1	1	1	0	5
131	3	1	1	1	0	5
132	3	1	1	2	-1	5
133	1	1	1	1	1	5
134	2	0	1	1	1	5
135	4	0	1	1	0	5
136	1	1	1	2	0	5
137	2	0	1	1	1	5
138	2	0	1	1	1	5
139	2	0	1	1	1	5
140	2	0	1	2	0	5
141	2	0	1	1	1	5
142	2	0	1	1	1	5
143	3	1	1	1	0	5
144	1	1	1	2	0	5
145	1	1	1	1	1	5
146	1	1	1	2	0	5
147	3	1	1	1	0	5
148	2	0	1	1	1	5
149	1	1	1	2	0	5
150	2	0	1	1	1	5
151	4	0	1	2	-1	5
152	4	0	1	2	-1	5
153	1	1	1	1	1	5
154	2	0	1	2	0	5
155	2	0	1	1	1	5
156	4	0	1	1	0	5
157	1	1	1	1	1	5
158	4	0	1	1	0	5
159	1	1	1	1	1	5
160	2	0	1	1	1	5
161	3	1	1	1	0	5
162	2	0	1	1	1	5
163	4	0	1	1	0	5
164	1	1	1	1	1	5
165	2	0	1	1	1	5
166	3	1	1	2	-1	5
167	3	1	1	2	-1	5
168	3	1	1	1	0	5
169	4	0	1	1	0	5
170	2	0	1	1	1	5
171	2	0	1	2	0	5
172	4	1	0	2	0	5
173	3	1	1	1	0	5
174	4	1	0	2	0	5
175	2	0	1	1	1	5
176	1	1	1	1	1	5
177	2	0	1	1	1	5
178	3	1	1	1	0	5
179	2	0	1	1	1	5
180	1	0	0	2	1	5
181	1	1	1	1	1	5
182	4	0	1	1	0	5
183	1	1	1	1	1	5
184	1	1	1	1	1	5
185	1	1	1	1	1	5
186	3	1	1	1	0	5
187	3	1	1	1	0	5
188	3	1	1	2	-1	5
189	4	0	1	1	0	5
190	4	0	1	1	0	5
191	4	0	1	2	-1	5
192	2	0	1	2	0	5
193	2	0	1	1	1	5
194	1	1	1	1	1	5
195	2	0	1	1	1	5
196	3	1	1	1	0	5
197	3	1	1	1	0	5
198	2	0	1	1	1	5
199	2	0	1	1	1	5
200	3	1	1	1	0	5
201	4	0	1	1	0	5
202	3	1	1	2	-1	5
203	2	0	1	1	1	5
204	2	0	1	1	1	5
205	3	1	1	1	0	5
206	2	0	1	1	1	5
207	2	0	1	2	0	5
208	3	1	1	1	0	5
209	2	0	1	1	1	5
210	1	1	1	1	1	5
211	3	1	1	1	0	5
212	4	1	0	1	-1	5
213	4	1	0	2	0	5
214	4	0	1	1	0	5
215	1	1	1	1	1	5
216	3	0	0	2	0	5
217	1	1	1	2	0	5
218	2	0	1	1	1	5
219	4	0	1	1	0	5
220	3	0	0	2	0	5
221	3	0	0	1	-1	5
222	4	0	1	1	0	5
223	3	1	1	1	0	5
224	4	0	1	1	0	5
225	3	1	1	1	0	5
226	3	1	1	1	0	5
227	1	1	1	1	1	5
228	4	0	1	1	0	5
229	1	1	1	2	0	5
230	2	0	1	2	0	5
231	3	1	1	1	0	5
232	2	0	1	1	1	5
233	3	1	1	1	0	5
234	4	0	1	1	0	5
235	1	1	1	2	0	5
236	2	0	1	1	1	5
237	3	1	1	1	0	5
238	3	1	1	1	0	5
239	4	1	0	2	0	5
240	4	1	0	1	-1	5
1	3	1	1	2	-1	6
2	1	0	0	2	1	6
3	2	1	0	2	1	6
4	1	0	0	1	0	6
5	4	1	0	1	-1	6
6	4	0	1	2	-1	6
7	2	1	0	2	1	6
8	4	1	0	1	-1	6
9	1	0	0	1	0	6
10	2	1	0	2	1	6
11	2	1	0	2	1	6
12	2	1	0	1	0	6
13	2	1	0	1	0	6
14	4	0	1	2	-1	6
15	3	0	0	1	-1	6
16	3	0	0	1	-1	6
17	4	1	0	1	-1	6
18	1	1	1	1	1	6
19	1	1	1	1	1	6
20	3	1	1	1	0	6
21	4	0	1	1	0	6
22	3	1	1	1	0	6
23	4	0	1	1	0	6
24	1	1	1	1	1	6
25	3	1	1	1	0	6
26	1	1	1	2	0	6
27	1	1	1	1	1	6
28	1	1	1	2	0	6
29	1	1	1	1	1	6
30	1	1	1	1	1	6
31	4	0	1	1	0	6
32	1	1	1	1	1	6
33	2	1	0	1	0	6
34	3	1	1	1	0	6
35	4	0	1	2	-1	6
36	3	1	1	2	-1	6
37	4	1	0	2	0	6
38	4	1	0	2	0	6
39	3	1	1	2	-1	6
40	4	1	0	2	0	6
41	2	1	0	1	0	6
42	1	1	1	1	1	6
43	3	1	1	2	-1	6
44	1	1	1	1	1	6
45	4	1	0	1	-1	6
46	2	1	0	2	1	6
47	3	0	0	1	-1	6
48	2	1	0	2	1	6
49	1	1	1	2	0	6
50	1	1	1	2	0	6
51	4	0	1	1	0	6
52	3	1	1	1	0	6
53	1	1	1	1	1	6
54	2	1	0	1	0	6
55	2	1	0	2	1	6
56	2	1	0	1	0	6
57	1	1	1	1	1	6
58	1	1	1	1	1	6
59	3	1	1	1	0	6
60	2	1	0	1	0	6
61	4	1	0	2	0	6
62	2	1	0	1	0	6
63	3	1	1	2	-1	6
64	3	0	0	2	0	6
65	2	1	0	1	0	6
66	3	1	1	1	0	6
67	4	1	0	1	-1	6
68	4	0	1	1	0	6
69	4	0	1	1	0	6
70	1	1	1	2	0	6
71	2	1	0	1	0	6
72	4	0	1	1	0	6
73	3	1	1	1	0	6
74	1	1	1	2	0	6
75	4	1	0	1	-1	6
76	1	1	1	2	0	6
77	3	1	1	1	0	6
78	2	1	0	1	0	6
79	4	0	1	1	0	6
80	4	1	0	2	0	6
81	2	1	0	1	0	6
82	1	1	1	1	1	6
83	4	0	1	2	-1	6
84	2	1	0	2	1	6
85	2	1	0	1	0	6
86	4	1	0	1	-1	6
87	3	1	1	1	0	6
88	4	0	1	1	0	6
89	2	1	0	2	1	6
90	1	1	1	1	1	6
91	1	1	1	1	1	6
92	3	1	1	1	0	6
93	1	1	1	1	1	6
94	1	1	1	1	1	6
95	4	0	1	1	0	6
96	3	1	1	1	0	6
97	4	0	1	1	0	6
98	4	0	1	2	-1	6
99	2	1	0	1	0	6
100	1	1	1	1	1	6
101	4	0	1	1	0	6
102	4	0	1	1	0	6
103	3	1	1	1	0	6
104	4	0	1	1	0	6
105	2	1	0	1	0	6
106	3	1	1	1	0	6
107	2	1	0	1	0	6
108	3	1	1	1	0	6
109	3	1	1	1	0	6
110	4	0	1	1	0	6
111	1	1	1	2	0	6
112	2	1	0	1	0	6
113	1	1	1	1	1	6
114	4	1	0	1	-1	6
115	1	1	1	2	0	6
116	4	1	0	1	-1	6
117	4	0	1	1	0	6
118	3	1	1	1	0	6
119	3	0	0	1	-1	6
120	2	1	0	1	0	6
121	4	0	1	2	-1	6
122	3	1	1	1	0	6
123	4	1	0	1	-1	6
124	3	1	1	2	-1	6
125	2	0	1	1	1	6
126	2	1	0	1	0	6
127	2	1	0	1	0	6
128	1	1	1	1	1	6
129	4	1	0	1	-1	6
130	3	1	1	1	0	6
131	4	0	1	1	0	6
132	2	1	0	1	0	6
133	2	0	1	1	1	6
134	2	0	1	1	1	6
135	3	1	1	1	0	6
136	3	1	1	1	0	6
137	2	0	1	1	1	6
138	4	0	1	1	0	6
139	1	1	1	2	0	6
140	2	0	1	1	1	6
141	2	0	1	2	0	6
142	4	0	1	1	0	6
143	1	1	1	1	1	6
144	4	0	1	1	0	6
145	4	0	1	2	-1	6
146	1	1	1	1	1	6
147	3	0	0	1	-1	6
148	4	0	1	1	0	6
149	1	0	0	2	1	6
150	1	1	1	2	0	6
151	4	0	1	1	0	6
152	1	1	1	2	0	6
153	3	1	1	1	0	6
154	3	1	1	1	0	6
155	2	0	1	2	0	6
156	2	0	1	1	1	6
157	1	1	1	2	0	6
158	3	1	1	1	0	6
159	3	0	0	1	-1	6
160	3	1	1	1	0	6
161	3	1	1	1	0	6
162	1	0	0	1	0	6
163	4	0	1	1	0	6
164	3	0	0	1	-1	6
165	3	1	1	1	0	6
166	3	1	1	1	0	6
167	2	0	1	2	0	6
168	3	1	1	2	-1	6
169	2	0	1	1	1	6
170	2	0	1	2	0	6
171	1	1	1	1	1	6
172	2	0	1	1	1	6
173	1	1	1	1	1	6
174	1	1	1	1	1	6
175	2	0	1	1	1	6
176	2	0	1	1	1	6
177	1	1	1	1	1	6
178	2	0	1	1	1	6
179	4	0	1	1	0	6
180	1	1	1	1	1	6
181	3	1	1	1	0	6
182	3	1	1	2	-1	6
183	3	1	1	1	0	6
184	4	1	0	1	-1	6
185	3	1	1	1	0	6
186	4	0	1	1	0	6
187	3	1	1	2	-1	6
188	4	0	1	1	0	6
189	1	1	1	1	1	6
190	4	0	1	2	-1	6
191	1	1	1	1	1	6
192	3	1	1	1	0	6
193	3	1	1	2	-1	6
194	2	0	1	1	1	6
195	1	1	1	1	1	6
196	1	1	1	1	1	6
197	2	0	1	2	0	6
198	1	1	1	2	0	6
199	2	1	0	1	0	6
200	3	1	1	1	0	6
201	2	0	1	1	1	6
202	3	1	1	1	0	6
203	1	1	1	1	1	6
204	3	1	1	1	0	6
205	1	1	1	2	0	6
206	3	1	1	1	0	6
207	2	0	1	1	1	6
208	3	1	1	1	0	6
209	2	0	1	1	1	6
210	4	1	0	1	-1	6
211	2	0	1	1	1	6
212	2	0	1	1	1	6
213	1	1	1	1	1	6
214	3	1	1	1	0	6
215	1	1	1	1	1	6
216	3	1	1	1	0	6
217	1	1	1	1	1	6
218	2	0	1	1	1	6
219	2	0	1	1	1	6
220	1	1	1	1	1	6
221	1	1	1	1	1	6
222	4	0	1	2	-1	6
223	1	1	1	1	1	6
224	4	0	1	1	0	6
225	4	0	1	1	0	6
226	4	0	1	1	0	6
227	3	1	1	1	0	6
228	2	0	1	1	1	6
229	2	0	1	2	0	6
230	3	1	1	1	0	6
231	2	0	1	1	1	6
232	2	0	1	1	1	6
233	4	0	1	1	0	6
234	2	0	1	1	1	6
235	1	1	1	2	0	6
236	4	0	1	2	-1	6
237	4	0	1	1	0	6
238	4	0	1	1	0	6
239	3	0	0	1	-1	6
240	1	1	1	1	1	6
1	2	0	1	1	1	7
2	4	1	0	1	-1	7
3	4	0	1	1	0	7
4	3	1	1	1	0	7
5	3	1	1	1	0	7
6	3	0	0	1	-1	7
7	4	0	1	1	0	7
8	2	0	1	1	1	7
9	3	1	1	1	0	7
10	4	0	1	2	-1	7
11	2	0	1	1	1	7
12	4	0	1	1	0	7
13	3	1	1	2	-1	7
14	1	1	1	1	1	7
15	1	1	1	1	1	7
16	1	1	1	1	1	7
17	1	1	1	1	1	7
18	2	0	1	1	1	7
19	1	1	1	1	1	7
20	3	1	1	1	0	7
21	2	0	1	1	1	7
22	3	0	0	1	-1	7
23	2	1	0	1	0	7
24	4	0	1	1	0	7
25	4	1	0	1	-1	7
26	3	1	1	1	0	7
27	4	1	0	1	-1	7
28	1	1	1	1	1	7
29	1	1	1	1	1	7
30	3	1	1	2	-1	7
31	4	0	1	1	0	7
32	2	0	1	1	1	7
33	4	0	1	1	0	7
34	3	1	1	1	0	7
35	3	0	0	1	-1	7
36	3	1	1	1	0	7
37	1	1	1	1	1	7
38	3	1	1	1	0	7
39	3	0	0	1	-1	7
40	4	1	0	1	-1	7
41	4	0	1	1	0	7
42	1	1	1	1	1	7
43	4	0	1	1	0	7
44	2	0	1	1	1	7
45	1	1	1	1	1	7
46	2	0	1	2	0	7
47	1	1	1	1	1	7
48	3	1	1	1	0	7
49	2	0	1	2	0	7
50	3	1	1	1	0	7
51	2	0	1	1	1	7
52	2	0	1	2	0	7
53	2	0	1	1	1	7
54	2	1	0	1	0	7
55	1	1	1	1	1	7
56	1	1	1	1	1	7
57	4	0	1	1	0	7
58	2	0	1	1	1	7
59	4	0	1	1	0	7
60	1	1	1	1	1	7
61	3	1	1	2	-1	7
62	2	0	1	1	1	7
63	3	0	0	1	-1	7
64	4	0	1	1	0	7
65	3	1	1	1	0	7
66	4	0	1	1	0	7
67	2	0	1	2	0	7
68	4	0	1	1	0	7
69	2	0	1	2	0	7
70	1	1	1	1	1	7
71	4	1	0	2	0	7
72	2	0	1	2	0	7
73	3	1	1	1	0	7
74	4	0	1	1	0	7
75	3	1	1	1	0	7
76	1	1	1	1	1	7
77	2	0	1	1	1	7
78	4	0	1	1	0	7
79	2	0	1	1	1	7
80	4	1	0	2	0	7
81	3	1	1	2	-1	7
82	3	1	1	2	-1	7
83	2	0	1	1	1	7
84	3	1	1	2	-1	7
85	2	0	1	2	0	7
86	3	1	1	2	-1	7
87	2	0	1	1	1	7
88	2	0	1	2	0	7
89	1	1	1	1	1	7
90	4	0	1	1	0	7
91	2	0	1	1	1	7
92	1	1	1	1	1	7
93	4	1	0	1	-1	7
94	1	0	0	1	0	7
95	3	1	1	2	-1	7
96	1	1	1	1	1	7
97	3	0	0	1	-1	7
98	1	1	1	1	1	7
99	4	0	1	1	0	7
100	1	1	1	1	1	7
101	3	1	1	1	0	7
102	2	0	1	1	1	7
103	1	1	1	1	1	7
104	3	1	1	1	0	7
105	1	1	1	1	1	7
106	2	1	0	1	0	7
107	3	1	1	1	0	7
108	3	1	1	1	0	7
109	4	0	1	1	0	7
110	4	1	0	1	-1	7
111	2	0	1	1	1	7
112	4	0	1	1	0	7
113	2	0	1	1	1	7
114	1	1	1	1	1	7
115	4	0	1	1	0	7
116	1	1	1	2	0	7
117	2	0	1	1	1	7
118	2	0	1	1	1	7
119	4	0	1	1	0	7
120	3	1	1	1	0	7
121	1	1	1	1	1	7
122	1	1	1	1	1	7
123	2	0	1	1	1	7
124	1	1	1	2	0	7
125	4	0	1	1	0	7
126	1	1	1	1	1	7
127	3	0	0	1	-1	7
128	4	0	1	1	0	7
129	3	1	1	2	-1	7
130	2	0	1	2	0	7
131	1	1	1	2	0	7
132	2	1	0	1	0	7
133	4	0	1	1	0	7
134	1	1	1	1	1	7
135	1	1	1	2	0	7
136	3	1	1	1	0	7
137	2	0	1	1	1	7
138	3	1	1	1	0	7
139	4	0	1	1	0	7
140	2	0	1	2	0	7
141	3	1	1	1	0	7
142	4	0	1	1	0	7
143	1	1	1	1	1	7
144	3	1	1	2	-1	7
145	1	1	1	2	0	7
146	1	1	1	1	1	7
147	2	0	1	1	1	7
148	2	0	1	1	1	7
149	3	1	1	1	0	7
150	4	0	1	1	0	7
151	4	0	1	1	0	7
152	4	0	1	1	0	7
153	2	0	1	1	1	7
154	4	0	1	2	-1	7
155	4	0	1	2	-1	7
156	4	0	1	2	-1	7
157	1	1	1	2	0	7
158	3	1	1	1	0	7
159	2	0	1	2	0	7
160	2	0	1	1	1	7
161	3	1	1	1	0	7
162	1	1	1	2	0	7
163	1	1	1	1	1	7
164	4	1	0	1	-1	7
165	4	1	0	1	-1	7
166	1	1	1	1	1	7
167	4	1	0	1	-1	7
168	1	1	1	2	0	7
169	4	0	1	1	0	7
170	4	0	1	1	0	7
171	2	0	1	1	1	7
172	4	0	1	1	0	7
173	2	0	1	1	1	7
174	1	1	1	1	1	7
175	4	0	1	1	0	7
176	4	0	1	1	0	7
177	2	0	1	2	0	7
178	4	0	1	1	0	7
179	2	0	1	1	1	7
180	3	1	1	1	0	7
181	1	1	1	2	0	7
182	3	1	1	2	-1	7
183	3	1	1	1	0	7
184	1	1	1	1	1	7
185	3	1	1	2	-1	7
186	4	0	1	1	0	7
187	1	1	1	1	1	7
188	1	1	1	1	1	7
189	3	0	0	1	-1	7
190	2	0	1	1	1	7
191	1	1	1	1	1	7
192	1	1	1	2	0	7
193	4	0	1	1	0	7
194	4	0	1	2	-1	7
195	1	1	1	2	0	7
196	4	0	1	1	0	7
197	2	0	1	1	1	7
198	2	0	1	1	1	7
199	2	0	1	1	1	7
200	1	1	1	1	1	7
201	4	0	1	2	-1	7
202	2	0	1	1	1	7
203	2	0	1	1	1	7
204	3	0	0	1	-1	7
205	3	1	1	1	0	7
206	1	1	1	2	0	7
207	2	0	1	1	1	7
208	3	1	1	1	0	7
209	2	0	1	1	1	7
210	3	1	1	1	0	7
211	3	1	1	2	-1	7
212	4	0	1	2	-1	7
213	1	1	1	1	1	7
214	3	1	1	2	-1	7
215	1	1	1	2	0	7
216	2	0	1	1	1	7
217	3	1	1	1	0	7
218	1	1	1	2	0	7
219	1	1	1	1	1	7
220	2	0	1	1	1	7
221	3	1	1	1	0	7
222	2	0	1	1	1	7
223	2	0	1	1	1	7
224	2	0	1	2	0	7
225	1	0	0	1	0	7
226	3	1	1	1	0	7
227	1	1	1	1	1	7
228	3	1	1	1	0	7
229	1	1	1	2	0	7
230	1	0	0	1	0	7
231	4	0	1	2	-1	7
232	2	0	1	1	1	7
233	3	1	1	2	-1	7
234	3	0	0	1	-1	7
235	3	0	0	1	-1	7
236	4	0	1	1	0	7
237	3	1	1	1	0	7
238	4	0	1	1	0	7
239	1	1	1	1	1	7
240	4	0	1	1	0	7
1	3	1	1	1	0	8
2	2	0	1	1	1	8
3	3	0	0	1	-1	8
4	3	1	1	1	0	8
5	1	0	0	2	1	8
6	3	1	1	2	-1	8
7	2	1	0	1	0	8
8	1	0	0	1	0	8
9	2	0	1	2	0	8
10	2	1	0	2	1	8
11	1	1	1	2	0	8
12	3	0	0	1	-1	8
13	4	1	0	2	0	8
14	3	0	0	1	-1	8
15	4	1	0	2	0	8
16	3	1	1	2	-1	8
17	1	0	0	1	0	8
18	2	1	0	2	1	8
19	2	1	0	1	0	8
20	3	1	1	1	0	8
21	2	1	0	1	0	8
22	4	1	0	1	-1	8
23	2	0	1	2	0	8
24	3	1	1	1	0	8
25	2	1	0	1	0	8
26	3	1	1	1	0	8
27	3	1	1	1	0	8
28	4	0	1	2	-1	8
29	1	1	1	1	1	8
30	3	1	1	2	-1	8
31	1	1	1	1	1	8
32	1	1	1	1	1	8
33	3	1	1	1	0	8
34	4	1	0	1	-1	8
35	4	0	1	1	0	8
36	2	1	0	2	1	8
37	3	1	1	2	-1	8
38	1	1	1	1	1	8
39	4	1	0	1	-1	8
40	2	1	0	1	0	8
41	2	1	0	1	0	8
42	4	0	1	1	0	8
43	3	1	1	1	0	8
44	1	1	1	1	1	8
45	1	1	1	1	1	8
46	4	0	1	2	-1	8
47	3	0	0	1	-1	8
48	2	1	0	2	1	8
49	2	1	0	1	0	8
50	3	1	1	1	0	8
51	3	1	1	1	0	8
52	1	1	1	1	1	8
53	4	0	1	1	0	8
54	4	1	0	2	0	8
55	3	1	1	2	-1	8
56	2	1	0	2	1	8
57	4	0	1	1	0	8
58	2	1	0	2	1	8
59	1	1	1	2	0	8
60	1	1	1	1	1	8
61	1	1	1	2	0	8
62	2	1	0	1	0	8
63	3	1	1	1	0	8
64	3	1	1	2	-1	8
65	4	0	1	1	0	8
66	3	1	1	1	0	8
67	3	0	0	2	0	8
68	1	1	1	1	1	8
69	4	0	1	1	0	8
70	1	1	1	2	0	8
71	4	1	0	1	-1	8
72	4	0	1	2	-1	8
73	3	1	1	1	0	8
74	3	1	1	2	-1	8
75	4	1	0	1	-1	8
76	1	1	1	1	1	8
77	4	0	1	1	0	8
78	2	1	0	1	0	8
79	1	1	1	1	1	8
80	1	1	1	1	1	8
81	1	1	1	2	0	8
82	3	0	0	1	-1	8
83	4	0	1	1	0	8
84	2	1	0	2	1	8
85	3	0	0	1	-1	8
86	4	0	1	1	0	8
87	2	1	0	1	0	8
88	1	1	1	1	1	8
89	2	1	0	1	0	8
90	4	0	1	1	0	8
91	4	0	1	1	0	8
92	4	0	1	1	0	8
93	1	1	1	2	0	8
94	2	1	0	1	0	8
95	4	1	0	2	0	8
96	2	1	0	1	0	8
97	2	1	0	2	1	8
98	4	0	1	1	0	8
99	2	1	0	1	0	8
100	4	0	1	1	0	8
101	1	1	1	1	1	8
102	2	1	0	2	1	8
103	1	1	1	1	1	8
104	4	0	1	1	0	8
105	4	0	1	1	0	8
106	4	0	1	1	0	8
107	1	1	1	1	1	8
108	2	1	0	1	0	8
109	2	1	0	1	0	8
110	3	1	1	1	0	8
111	3	1	1	1	0	8
112	1	1	1	1	1	8
113	3	1	1	1	0	8
114	4	0	1	1	0	8
115	2	0	1	1	1	8
116	2	1	0	1	0	8
117	4	1	0	1	-1	8
118	4	0	1	2	-1	8
119	1	1	1	1	1	8
120	1	1	1	1	1	8
121	1	1	1	2	0	8
122	3	1	1	1	0	8
123	3	1	1	1	0	8
124	3	1	1	2	-1	8
125	2	0	1	1	1	8
126	2	0	1	1	1	8
127	1	1	1	1	1	8
128	1	1	1	1	1	8
129	2	0	1	1	1	8
130	1	1	1	1	1	8
131	2	0	1	1	1	8
132	3	1	1	1	0	8
133	4	1	0	1	-1	8
134	1	1	1	1	1	8
135	3	1	1	1	0	8
136	4	0	1	1	0	8
137	1	1	1	1	1	8
138	2	0	1	1	1	8
139	4	0	1	1	0	8
140	4	0	1	2	-1	8
141	2	0	1	1	1	8
142	1	1	1	1	1	8
143	3	1	1	1	0	8
144	3	1	1	1	0	8
145	3	1	1	2	-1	8
146	3	1	1	1	0	8
147	4	0	1	1	0	8
148	1	1	1	2	0	8
149	4	1	0	2	0	8
150	2	0	1	1	1	8
151	4	0	1	1	0	8
152	1	1	1	1	1	8
153	2	0	1	1	1	8
154	4	1	0	1	-1	8
155	1	1	1	1	1	8
156	4	0	1	1	0	8
157	2	0	1	1	1	8
158	2	0	1	2	0	8
159	2	0	1	1	1	8
160	3	1	1	1	0	8
161	1	1	1	1	1	8
162	4	0	1	1	0	8
163	3	1	1	1	0	8
164	1	1	1	1	1	8
165	2	0	1	2	0	8
166	4	0	1	1	0	8
167	2	0	1	1	1	8
168	2	0	1	2	0	8
169	2	0	1	1	1	8
170	3	1	1	1	0	8
171	3	1	1	1	0	8
172	4	0	1	1	0	8
173	1	1	1	1	1	8
174	3	1	1	2	-1	8
175	1	1	1	1	1	8
176	3	1	1	1	0	8
177	3	1	1	1	0	8
178	3	1	1	1	0	8
179	2	0	1	1	1	8
180	1	1	1	1	1	8
181	1	1	1	1	1	8
182	3	1	1	1	0	8
183	2	0	1	1	1	8
184	4	1	0	1	-1	8
185	4	0	1	2	-1	8
186	4	0	1	1	0	8
187	3	1	1	1	0	8
188	2	0	1	1	1	8
189	1	1	1	1	1	8
190	2	0	1	1	1	8
191	1	1	1	1	1	8
192	2	0	1	1	1	8
193	2	0	1	2	0	8
194	2	0	1	1	1	8
195	1	1	1	2	0	8
196	3	1	1	1	0	8
197	2	0	1	1	1	8
198	4	0	1	2	-1	8
199	4	0	1	2	-1	8
200	2	0	1	1	1	8
201	3	1	1	2	-1	8
202	4	0	1	1	0	8
203	3	1	1	1	0	8
204	4	0	1	1	0	8
205	4	1	0	1	-1	8
206	3	1	1	1	0	8
207	1	1	1	2	0	8
208	3	1	1	1	0	8
209	1	1	1	2	0	8
210	3	1	1	1	0	8
211	4	0	1	1	0	8
212	2	0	1	2	0	8
213	3	1	1	1	0	8
214	1	1	1	1	1	8
215	2	0	1	1	1	8
216	1	1	1	1	1	8
217	2	1	0	1	0	8
218	1	1	1	1	1	8
219	1	1	1	2	0	8
220	1	1	1	2	0	8
221	4	0	1	2	-1	8
222	3	1	1	1	0	8
223	1	1	1	1	1	8
224	3	1	1	1	0	8
225	4	0	1	2	-1	8
226	1	1	1	2	0	8
227	4	1	0	1	-1	8
228	2	0	1	1	1	8
229	1	1	1	1	1	8
230	2	0	1	1	1	8
231	4	0	1	1	0	8
232	4	0	1	2	-1	8
233	2	0	1	1	1	8
234	1	1	1	1	1	8
235	4	0	1	1	0	8
236	1	1	1	1	1	8
237	3	1	1	2	-1	8
238	4	0	1	2	-1	8
239	1	1	1	2	0	8
240	3	0	0	1	-1	8
1	2	1	0	1	0	9
2	3	0	0	2	0	9
3	3	1	1	1	0	9
4	1	1	1	1	1	9
5	4	0	1	1	0	9
6	1	1	1	1	1	9
7	3	1	1	1	0	9
8	4	1	0	1	-1	9
9	3	1	1	1	0	9
10	4	0	1	1	0	9
11	4	1	0	1	-1	9
12	2	1	0	1	0	9
13	1	0	0	1	0	9
14	3	0	0	1	-1	9
15	3	1	1	1	0	9
16	2	1	0	1	0	9
17	2	1	0	1	0	9
18	1	1	1	1	1	9
19	2	0	1	2	0	9
20	4	0	1	2	-1	9
21	2	1	0	2	1	9
22	2	1	0	1	0	9
23	4	1	0	1	-1	9
24	2	1	0	1	0	9
25	1	1	1	1	1	9
26	3	1	1	2	-1	9
27	2	1	0	1	0	9
28	3	0	0	1	-1	9
29	4	1	0	1	-1	9
30	1	1	1	1	1	9
31	2	0	1	2	0	9
32	3	0	0	1	-1	9
33	3	1	1	1	0	9
34	3	1	1	1	0	9
35	2	1	0	1	0	9
36	2	1	0	1	0	9
37	2	1	0	1	0	9
38	4	0	1	1	0	9
39	1	1	1	1	1	9
40	2	1	0	1	0	9
41	4	0	1	1	0	9
42	3	1	1	1	0	9
43	1	1	1	1	1	9
44	4	0	1	1	0	9
45	4	1	0	1	-1	9
46	3	1	1	1	0	9
47	2	0	1	1	1	9
48	3	1	1	2	-1	9
49	3	1	1	1	0	9
50	4	0	1	2	-1	9
51	2	0	1	1	1	9
52	4	0	1	1	0	9
53	4	0	1	1	0	9
54	1	1	1	1	1	9
55	1	1	1	1	1	9
56	1	1	1	2	0	9
57	4	0	1	1	0	9
58	1	1	1	2	0	9
59	4	0	1	1	0	9
60	1	1	1	1	1	9
61	4	0	1	1	0	9
62	2	0	1	1	1	9
63	3	0	0	1	-1	9
64	3	1	1	2	-1	9
65	3	1	1	2	-1	9
66	4	1	0	1	-1	9
67	2	0	1	2	0	9
68	3	0	0	2	0	9
69	4	0	1	2	-1	9
70	4	0	1	1	0	9
71	3	1	1	1	0	9
72	1	1	1	1	1	9
73	2	0	1	1	1	9
74	3	1	1	1	0	9
75	3	1	1	1	0	9
76	1	1	1	2	0	9
77	2	0	1	1	1	9
78	1	1	1	1	1	9
79	4	0	1	1	0	9
80	2	0	1	1	1	9
81	3	1	1	2	-1	9
82	2	0	1	1	1	9
83	2	0	1	1	1	9
84	1	1	1	1	1	9
85	2	0	1	2	0	9
86	3	0	0	1	-1	9
87	4	0	1	1	0	9
88	3	0	0	1	-1	9
89	3	1	1	1	0	9
90	2	0	1	2	0	9
91	2	0	1	2	0	9
92	2	0	1	2	0	9
93	4	0	1	1	0	9
94	2	0	1	1	1	9
95	3	1	1	1	0	9
96	4	0	1	1	0	9
97	2	0	1	1	1	9
98	3	0	0	1	-1	9
99	4	0	1	1	0	9
100	3	1	1	1	0	9
101	2	0	1	1	1	9
102	4	0	1	1	0	9
103	2	0	1	1	1	9
104	4	0	1	1	0	9
105	2	0	1	2	0	9
106	4	1	0	2	0	9
107	1	1	1	1	1	9
108	4	0	1	1	0	9
109	4	0	1	1	0	9
110	2	0	1	2	0	9
111	2	0	1	1	1	9
112	3	1	1	1	0	9
113	2	0	1	2	0	9
114	3	1	1	1	0	9
115	3	1	1	2	-1	9
116	4	0	1	1	0	9
117	3	1	1	1	0	9
118	1	0	0	1	0	9
119	2	0	1	1	1	9
120	3	1	1	1	0	9
121	1	1	1	2	0	9
122	1	1	1	1	1	9
123	2	0	1	1	1	9
124	2	0	1	1	1	9
125	2	0	1	1	1	9
126	1	1	1	1	1	9
127	1	1	1	2	0	9
128	4	0	1	1	0	9
129	4	0	1	1	0	9
130	4	0	1	2	-1	9
131	2	0	1	2	0	9
132	1	1	1	1	1	9
133	1	1	1	1	1	9
134	2	0	1	1	1	9
135	1	1	1	2	0	9
136	3	1	1	1	0	9
137	2	0	1	1	1	9
138	3	1	1	1	0	9
139	1	1	1	1	1	9
140	1	1	1	1	1	9
141	4	0	1	1	0	9
142	1	1	1	1	1	9
143	1	1	1	1	1	9
144	4	0	1	1	0	9
145	3	1	1	1	0	9
146	4	1	0	1	-1	9
147	3	1	1	2	-1	9
148	4	0	1	1	0	9
149	1	1	1	1	1	9
150	3	1	1	1	0	9
151	1	1	1	2	0	9
152	2	0	1	1	1	9
153	1	0	0	2	1	9
154	2	0	1	1	1	9
155	1	0	0	1	0	9
156	4	0	1	2	-1	9
157	2	0	1	1	1	9
158	4	0	1	1	0	9
159	1	1	1	1	1	9
160	3	1	1	2	-1	9
161	2	0	1	1	1	9
162	3	1	1	1	0	9
163	2	0	1	1	1	9
164	2	0	1	1	1	9
165	4	0	1	1	0	9
166	2	0	1	1	1	9
167	4	0	1	1	0	9
168	1	1	1	1	1	9
169	3	1	1	1	0	9
170	1	1	1	2	0	9
171	2	0	1	2	0	9
172	4	0	1	1	0	9
173	4	0	1	1	0	9
174	4	0	1	1	0	9
175	3	1	1	1	0	9
176	2	0	1	1	1	9
177	4	0	1	1	0	9
178	1	1	1	2	0	9
179	4	0	1	1	0	9
180	1	1	1	1	1	9
181	3	1	1	1	0	9
182	4	0	1	1	0	9
183	4	0	1	1	0	9
184	1	1	1	1	1	9
185	3	0	0	1	-1	9
186	4	0	1	1	0	9
187	4	0	1	1	0	9
188	3	1	1	1	0	9
189	1	1	1	1	1	9
190	4	1	0	1	-1	9
191	3	1	1	1	0	9
192	4	0	1	2	-1	9
193	3	1	1	1	0	9
194	4	0	1	1	0	9
195	2	0	1	1	1	9
196	1	1	1	1	1	9
197	3	1	1	1	0	9
198	1	1	1	1	1	9
199	2	0	1	1	1	9
200	2	0	1	2	0	9
201	2	0	1	1	1	9
202	3	1	1	1	0	9
203	4	1	0	1	-1	9
204	3	1	1	1	0	9
205	3	1	1	1	0	9
206	2	0	1	2	0	9
207	2	0	1	1	1	9
208	1	1	1	1	1	9
209	2	0	1	1	1	9
210	3	1	1	1	0	9
211	1	1	1	1	1	9
212	3	1	1	1	0	9
213	1	1	1	2	0	9
214	3	1	1	1	0	9
215	3	1	1	1	0	9
216	4	0	1	1	0	9
217	3	1	1	1	0	9
218	1	1	1	1	1	9
219	1	1	1	1	1	9
220	4	0	1	1	0	9
221	1	1	1	1	1	9
222	3	1	1	1	0	9
223	4	1	0	1	-1	9
224	3	1	1	1	0	9
225	1	1	1	1	1	9
226	4	0	1	1	0	9
227	1	1	1	1	1	9
228	1	1	1	2	0	9
229	1	1	1	1	1	9
230	4	0	1	1	0	9
231	2	0	1	1	1	9
232	1	1	1	1	1	9
233	1	1	1	1	1	9
234	1	1	1	1	1	9
235	1	1	1	1	1	9
236	1	1	1	2	0	9
237	3	1	1	1	0	9
238	1	1	1	1	1	9
239	2	0	1	1	1	9
240	1	1	1	1	1	9
1	1	0	0	1	0	10
2	1	1	1	1	1	10
3	1	1	1	1	1	10
4	4	1	0	1	-1	10
5	4	1	0	1	-1	10
6	1	1	1	1	1	10
7	4	0	1	1	0	10
8	4	0	1	1	0	10
9	2	0	1	1	1	10
10	4	0	1	1	0	10
11	1	1	1	1	1	10
12	4	0	1	1	0	10
13	1	1	1	1	1	10
14	1	1	1	1	1	10
15	4	1	0	2	0	10
16	4	1	0	1	-1	10
17	1	1	1	2	0	10
18	1	1	1	1	1	10
19	4	0	1	1	0	10
20	4	0	1	1	0	10
21	1	1	1	1	1	10
22	3	0	0	1	-1	10
23	3	1	1	2	-1	10
24	4	0	1	2	-1	10
25	2	0	1	1	1	10
26	4	1	0	1	-1	10
27	1	1	1	1	1	10
28	3	1	1	1	0	10
29	3	0	0	1	-1	10
30	2	1	0	1	0	10
31	1	1	1	1	1	10
32	3	1	1	1	0	10
33	2	1	0	1	0	10
34	3	1	1	1	0	10
35	2	0	1	1	1	10
36	2	0	1	1	1	10
37	2	0	1	1	1	10
38	4	1	0	1	-1	10
39	3	1	1	2	-1	10
40	1	1	1	1	1	10
41	3	0	0	1	-1	10
42	3	0	0	2	0	10
43	3	0	0	2	0	10
44	1	1	1	1	1	10
45	2	0	1	1	1	10
46	3	0	0	1	-1	10
47	3	1	1	1	0	10
48	2	0	1	1	1	10
49	4	1	0	1	-1	10
50	3	0	0	1	-1	10
51	2	1	0	1	0	10
52	3	1	1	1	0	10
53	4	0	1	1	0	10
54	3	1	1	1	0	10
55	2	0	1	1	1	10
56	1	1	1	1	1	10
57	4	0	1	1	0	10
58	3	1	1	2	-1	10
59	1	1	1	1	1	10
60	3	1	1	1	0	10
61	4	0	1	1	0	10
62	3	1	1	1	0	10
63	2	0	1	1	1	10
64	2	0	1	1	1	10
65	2	0	1	2	0	10
66	1	1	1	1	1	10
67	3	0	0	2	0	10
68	1	1	1	1	1	10
69	2	0	1	2	0	10
70	4	0	1	1	0	10
71	2	0	1	1	1	10
72	1	1	1	2	0	10
73	1	1	1	1	1	10
74	2	0	1	1	1	10
75	1	1	1	1	1	10
76	4	0	1	1	0	10
77	4	0	1	1	0	10
78	4	0	1	1	0	10
79	1	1	1	1	1	10
80	2	0	1	1	1	10
81	2	0	1	2	0	10
82	3	1	1	2	-1	10
83	2	1	0	1	0	10
84	3	0	0	2	0	10
85	3	0	0	2	0	10
86	3	0	0	1	-1	10
87	2	0	1	2	0	10
88	4	0	1	2	-1	10
89	2	0	1	1	1	10
90	4	0	1	1	0	10
91	4	1	0	1	-1	10
92	3	1	1	1	0	10
93	4	1	0	2	0	10
94	3	1	1	1	0	10
95	1	1	1	1	1	10
96	3	1	1	1	0	10
97	2	0	1	1	1	10
98	2	0	1	1	1	10
99	2	0	1	1	1	10
100	1	1	1	1	1	10
101	4	0	1	1	0	10
102	2	0	1	1	1	10
103	1	1	1	1	1	10
104	2	0	1	1	1	10
105	1	1	1	1	1	10
106	3	1	1	1	0	10
107	4	1	0	1	-1	10
108	2	0	1	1	1	10
109	1	1	1	2	0	10
110	3	1	1	1	0	10
111	4	0	1	1	0	10
112	4	0	1	1	0	10
113	2	0	1	2	0	10
114	3	0	0	1	-1	10
115	1	1	1	2	0	10
116	1	1	1	1	1	10
117	2	0	1	1	1	10
118	4	0	1	1	0	10
119	4	0	1	1	0	10
120	4	0	1	1	0	10
121	4	0	1	2	-1	10
122	2	0	1	2	0	10
123	4	0	1	1	0	10
124	3	1	1	1	0	10
125	2	0	1	2	0	10
126	3	1	1	1	0	10
127	1	1	1	1	1	10
128	4	0	1	1	0	10
129	2	0	1	1	1	10
130	4	0	1	2	-1	10
131	4	0	1	1	0	10
132	1	1	1	1	1	10
133	3	0	0	1	-1	10
134	4	0	1	1	0	10
135	1	1	1	1	1	10
136	2	0	1	1	1	10
137	1	1	1	1	1	10
138	1	1	1	1	1	10
139	4	0	1	1	0	10
140	3	1	1	1	0	10
141	2	0	1	1	1	10
142	4	0	1	1	0	10
143	1	1	1	2	0	10
144	2	0	1	1	1	10
145	3	1	1	1	0	10
146	4	0	1	1	0	10
147	1	1	1	1	1	10
148	2	0	1	1	1	10
149	1	1	1	1	1	10
150	3	0	0	1	-1	10
151	2	0	1	1	1	10
152	2	0	1	1	1	10
153	3	1	1	1	0	10
154	3	0	0	2	0	10
155	2	0	1	2	0	10
156	2	0	1	1	1	10
157	4	0	1	1	0	10
158	3	1	1	1	0	10
159	4	1	0	2	0	10
160	3	1	1	1	0	10
161	1	1	1	1	1	10
162	2	0	1	1	1	10
163	1	1	1	1	1	10
164	2	0	1	1	1	10
165	1	1	1	1	1	10
166	4	0	1	1	0	10
167	3	1	1	1	0	10
168	3	1	1	1	0	10
169	1	0	0	1	0	10
170	3	1	1	1	0	10
171	3	1	1	1	0	10
172	2	1	0	1	0	10
173	4	0	1	1	0	10
174	1	1	1	1	1	10
175	2	0	1	1	1	10
176	4	0	1	2	-1	10
177	3	1	1	1	0	10
178	1	1	1	1	1	10
179	1	1	1	1	1	10
180	1	1	1	2	0	10
181	1	1	1	1	1	10
182	1	1	1	1	1	10
183	4	0	1	2	-1	10
184	4	1	0	1	-1	10
185	2	0	1	1	1	10
186	1	0	0	1	0	10
187	2	0	1	2	0	10
188	2	0	1	1	1	10
189	3	1	1	1	0	10
190	4	1	0	1	-1	10
191	2	0	1	1	1	10
192	4	0	1	1	0	10
193	1	1	1	2	0	10
194	2	0	1	1	1	10
195	3	1	1	1	0	10
196	2	0	1	1	1	10
197	3	1	1	1	0	10
198	4	0	1	1	0	10
199	3	1	1	1	0	10
200	2	0	1	1	1	10
201	1	1	1	1	1	10
202	3	1	1	1	0	10
203	1	1	1	2	0	10
204	3	1	1	1	0	10
205	4	0	1	1	0	10
206	3	1	1	2	-1	10
207	1	1	1	2	0	10
208	1	1	1	1	1	10
209	1	1	1	1	1	10
210	4	0	1	1	0	10
211	1	1	1	1	1	10
212	3	1	1	1	0	10
213	2	0	1	2	0	10
214	2	0	1	2	0	10
215	4	0	1	1	0	10
216	3	1	1	1	0	10
217	4	0	1	1	0	10
218	1	1	1	1	1	10
219	4	0	1	1	0	10
220	1	1	1	2	0	10
221	3	0	0	1	-1	10
222	2	0	1	2	0	10
223	2	0	1	1	1	10
224	1	1	1	1	1	10
225	4	0	1	1	0	10
226	1	1	1	2	0	10
227	2	0	1	1	1	10
228	4	0	1	1	0	10
229	2	0	1	1	1	10
230	3	1	1	1	0	10
231	3	1	1	1	0	10
232	3	1	1	1	0	10
233	3	1	1	1	0	10
234	2	1	0	1	0	10
235	3	1	1	2	-1	10
236	1	1	1	1	1	10
237	3	0	0	1	-1	10
238	4	0	1	1	0	10
239	4	0	1	1	0	10
240	2	0	1	1	1	10
