"trialNum"	"cue"	"keyPressed"	"success"	"congruentOutcome"	"outcome"	"subjID"
1	4	0	1	1	0	1
2	1	1	1	1	1	1
3	1	1	1	1	1	1
4	2	1	0	2	1	1
5	2	1	0	2	1	1
6	1	1	1	1	1	1
7	3	0	0	1	-1	1
8	1	1	1	1	1	1
9	3	0	0	1	-1	1
10	4	1	0	1	-1	1
11	1	1	1	1	1	1
12	2	1	0	2	1	1
13	3	1	1	1	0	1
14	1	1	1	1	1	1
15	3	1	1	2	-1	1
16	1	1	1	1	1	1
17	4	0	1	1	0	1
18	3	1	1	1	0	1
19	3	1	1	1	0	1
20	1	1	1	1	1	1
21	4	0	1	1	0	1
22	4	0	1	1	0	1
23	4	1	0	1	-1	1
24	4	0	1	2	-1	1
25	2	1	0	1	0	1
26	4	0	1	1	0	1
27	2	1	0	1	0	1
28	4	0	1	1	0	1
29	2	1	0	2	1	1
30	1	1	1	2	0	1
31	2	1	0	2	1	1
32	2	1	0	1	0	1
33	4	1	0	1	-1	1
34	2	1	0	2	1	1
35	2	1	0	1	0	1
36	3	1	1	1	0	1
37	2	1	0	1	0	1
38	3	1	1	2	-1	1
39	4	0	1	2	-1	1
40	3	1	1	1	0	1
41	4	0	1	1	0	1
42	2	1	0	1	0	1
43	3	0	0	1	-1	1
44	2	1	0	1	0	1
45	2	1	0	1	0	1
46	3	1	1	1	0	1
47	1	1	1	1	1	1
48	2	1	0	2	1	1
49	2	1	0	1	0	1
50	3	1	1	1	0	1
51	2	1	0	1	0	1
52	4	0	1	1	0	1
53	1	1	1	1	1	1
54	1	1	1	2	0	1
55	1	1	1	1	1	1
56	1	1	1	1	1	1
57	3	1	1	2	-1	1
58	1	1	1	1	1	1
59	2	1	0	1	0	1
60	4	0	1	1	0	1
61	3	1	1	1	0	1
62	1	0	0	2	1	1
63	2	1	0	1	0	1
64	3	1	1	2	-1	1
65	4	0	1	1	0	1
66	2	1	0	1	0	1
67	4	0	1	1	0	1
68	4	0	1	2	-1	1
69	2	1	0	1	0	1
70	3	0	0	2	0	1
71	2	0	1	1	1	1
72	2	1	0	1	0	1
73	2	0	1	1	1	1
74	2	0	1	1	1	1
75	1	1	1	1	1	1
76	4	0	1	1	0	1
77	4	0	1	1	0	1
78	3	1	1	1	0	1
79	4	0	1	1	0	1
80	1	1	1	2	0	1
81	4	0	1	1	0	1
82	3	1	1	1	0	1
83	2	1	0	1	0	1
84	3	0	0	1	-1	1
85	2	1	0	1	0	1
86	3	1	1	1	0	1
87	1	1	1	1	1	1
88	4	0	1	1	0	1
89	2	0	1	1	1	1
90	3	1	1	2	-1	1
91	3	0	0	1	-1	1
92	4	0	1	2	-1	1
93	3	1	1	1	0	1
94	2	1	0	1	0	1
95	4	0	1	1	0	1
96	1	1	1	1	1	1
97	4	0	1	1	0	1
98	3	1	1	1	0	1
99	1	0	0	1	0	1
100	3	1	1	1	0	1
101	3	0	0	1	-1	1
102	1	1	1	2	0	1
103	2	0	1	1	1	1
104	1	1	1	1	1	1
105	1	1	1	1	1	1
106	3	1	1	1	0	1
107	1	1	1	1	1	1
108	4	0	1	1	0	1
109	1	1	1	1	1	1
110	1	1	1	1	1	1
111	4	0	1	2	-1	1
112	2	0	1	1	1	1
113	3	1	1	1	0	1
114	4	0	1	2	-1	1
115	2	0	1	2	0	1
116	3	1	1	1	0	1
117	1	0	0	1	0	1
118	4	0	1	1	0	1
119	3	1	1	2	-1	1
120	4	1	0	1	-1	1
121	2	0	1	2	0	1
122	1	1	1	1	1	1
123	3	0	0	1	-1	1
124	1	1	1	1	1	1
125	3	1	1	2	-1	1
126	1	1	1	2	0	1
127	4	0	1	1	0	1
128	1	1	1	1	1	1
129	1	1	1	1	1	1
130	2	0	1	2	0	1
131	3	1	1	2	-1	1
132	1	1	1	1	1	1
133	4	0	1	2	-1	1
134	4	0	1	2	-1	1
135	3	1	1	1	0	1
136	4	0	1	1	0	1
137	1	1	1	1	1	1
138	4	0	1	1	0	1
139	3	0	0	1	-1	1
140	3	1	1	1	0	1
141	1	1	1	1	1	1
142	4	0	1	1	0	1
143	4	0	1	1	0	1
144	1	1	1	1	1	1
145	4	0	1	1	0	1
146	2	0	1	1	1	1
147	2	0	1	2	0	1
148	1	1	1	1	1	1
149	3	1	1	1	0	1
150	2	1	0	1	0	1
151	2	1	0	1	0	1
152	2	0	1	1	1	1
153	4	0	1	1	0	1
154	2	0	1	2	0	1
155	1	1	1	1	1	1
156	1	1	1	1	1	1
157	3	1	1	1	0	1
158	2	1	0	1	0	1
159	3	1	1	1	0	1
160	3	1	1	2	-1	1
161	3	1	1	1	0	1
162	2	0	1	2	0	1
163	2	0	1	2	0	1
164	1	1	1	1	1	1
165	4	0	1	1	0	1
166	4	0	1	1	0	1
167	2	1	0	1	0	1
168	3	1	1	2	-1	1
169	3	1	1	1	0	1
170	2	0	1	2	0	1
171	1	1	1	2	0	1
172	3	1	1	1	0	1
173	1	1	1	1	1	1
174	2	1	0	2	1	1
175	3	0	0	1	-1	1
176	4	1	0	1	-1	1
177	2	1	0	1	0	1
178	1	1	1	1	1	1
179	4	0	1	1	0	1
180	1	0	0	1	0	1
181	4	0	1	1	0	1
182	1	1	1	1	1	1
183	4	0	1	1	0	1
184	1	1	1	2	0	1
185	4	0	1	2	-1	1
186	4	0	1	1	0	1
187	1	1	1	2	0	1
188	2	1	0	1	0	1
189	1	1	1	1	1	1
190	1	1	1	1	1	1
191	2	1	0	1	0	1
192	1	1	1	1	1	1
193	4	0	1	1	0	1
194	3	1	1	2	-1	1
195	1	1	1	1	1	1
196	3	1	1	1	0	1
197	1	1	1	2	0	1
198	3	1	1	1	0	1
199	3	1	1	1	0	1
200	3	1	1	1	0	1
201	1	1	1	1	1	1
202	1	1	1	1	1	1
203	3	1	1	1	0	1
204	4	0	1	1	0	1
205	4	0	1	1	0	1
206	2	1	0	2	1	1
207	4	0	1	1	0	1
208	2	1	0	1	0	1
209	4	0	1	2	-1	1
210	4	0	1	1	0	1
211	4	0	1	1	0	1
212	2	1	0	1	0	1
213	3	1	1	1	0	1
214	2	0	1	1	1	1
215	1	1	1	2	0	1
216	1	1	1	2	0	1
217	4	0	1	1	0	1
218	2	0	1	1	1	1
219	4	0	1	1	0	1
220	2	0	1	2	0	1
221	3	1	1	1	0	1
222	4	0	1	1	0	1
223	1	1	1	1	1	1
224	3	1	1	1	0	1
225	3	1	1	1	0	1
226	3	1	1	1	0	1
227	2	0	1	1	1	1
228	3	1	1	1	0	1
229	4	0	1	2	-1	1
230	3	1	1	1	0	1
231	2	0	1	2	0	1
232	4	0	1	1	0	1
233	3	1	1	1	0	1
234	1	1	1	1	1	1
235	1	1	1	1	1	1
236	4	1	0	2	0	1
237	2	0	1	1	1	1
238	2	0	1	2	0	1
239	2	0	1	1	1	1
240	3	1	1	1	0	1
1	3	1	1	2	-1	2
2	2	1	0	1	0	2
3	2	0	1	1	1	2
4	2	0	1	2	0	2
5	4	0	1	1	0	2
6	3	1	1	1	0	2
7	1	1	1	2	0	2
8	4	0	1	1	0	2
9	3	1	1	1	0	2
10	3	0	0	2	0	2
11	3	1	1	1	0	2
12	2	1	0	1	0	2
13	2	1	0	1	0	2
14	1	0	0	1	0	2
15	2	1	0	1	0	2
16	1	0	0	1	0	2
17	1	1	1	2	0	2
18	3	0	0	1	-1	2
19	4	1	0	2	0	2
20	3	1	1	2	-1	2
21	1	1	1	2	0	2
22	1	1	1	1	1	2
23	3	0	0	1	-1	2
24	2	1	0	1	0	2
25	2	1	0	1	0	2
26	4	1	0	1	-1	2
27	3	1	1	1	0	2
28	3	0	0	1	-1	2
29	4	0	1	1	0	2
30	4	0	1	1	0	2
31	3	1	1	2	-1	2
32	3	1	1	1	0	2
33	4	1	0	1	-1	2
34	1	1	1	2	0	2
35	4	0	1	1	0	2
36	4	0	1	1	0	2
37	4	1	0	1	-1	2
38	2	1	0	1	0	2
39	2	0	1	1	1	2
40	4	0	1	1	0	2
41	1	1	1	1	1	2
42	1	1	1	1	1	2
43	4	0	1	1	0	2
44	3	0	0	1	-1	2
45	3	1	1	1	0	2
46	2	0	1	1	1	2
47	1	0	0	1	0	2
48	1	1	1	1	1	2
49	2	0	1	2	0	2
50	4	0	1	1	0	2
51	3	1	1	1	0	2
52	3	0	0	1	-1	2
53	4	0	1	2	-1	2
54	4	0	1	1	0	2
55	4	0	1	2	-1	2
56	2	0	1	1	1	2
57	3	1	1	1	0	2
58	3	1	1	1	0	2
59	1	1	1	1	1	2
60	1	1	1	1	1	2
61	4	0	1	1	0	2
62	2	0	1	1	1	2
63	4	0	1	2	-1	2
64	1	1	1	1	1	2
65	3	1	1	2	-1	2
66	1	1	1	1	1	2
67	2	0	1	1	1	2
68	2	0	1	1	1	2
69	2	0	1	1	1	2
70	2	0	1	1	1	2
71	2	0	1	2	0	2
72	4	0	1	1	0	2
73	4	0	1	2	-1	2
74	3	1	1	1	0	2
75	1	1	1	2	0	2
76	1	1	1	1	1	2
77	4	0	1	1	0	2
78	3	0	0	1	-1	2
79	4	0	1	1	0	2
80	1	1	1	1	1	2
81	2	0	1	1	1	2
82	2	0	1	1	1	2
83	1	1	1	1	1	2
84	1	1	1	2	0	2
85	3	1	1	1	0	2
86	3	0	0	1	-1	2
87	2	0	1	1	1	2
88	1	1	1	2	0	2
89	4	1	0	1	-1	2
90	3	1	1	1	0	2
91	3	1	1	1	0	2
92	3	1	1	1	0	2
93	4	0	1	1	0	2
94	3	1	1	1	0	2
95	4	0	1	1	0	2
96	4	0	1	2	-1	2
97	3	1	1	2	-1	2
98	4	0	1	2	-1	2
99	4	0	1	1	0	2
100	3	1	1	2	-1	2
101	3	1	1	1	0	2
102	1	1	1	1	1	2
103	2	0	1	1	1	2
104	2	1	0	1	0	2
105	3	1	1	1	0	2
106	2	0	1	1	1	2
107	2	0	1	1	1	2
108	1	0	0	1	0	2
109	2	0	1	2	0	2
110	4	1	0	1	-1	2
111	4	0	1	1	0	2
112	4	0	1	2	-1	2
113	3	1	1	1	0	2
114	4	1	0	1	-1	2
115	4	0	1	1	0	2
116	4	0	1	1	0	2
117	3	1	1	1	0	2
118	2	0	1	1	1	2
119	2	0	1	1	1	2
120	2	0	1	2	0	2
121	1	1	1	1	1	2
122	3	1	1	1	0	2
123	3	1	1	1	0	2
124	1	1	1	1	1	2
125	3	1	1	1	0	2
126	1	1	1	1	1	2
127	1	1	1	1	1	2
128	1	1	1	1	1	2
129	2	0	1	1	1	2
130	2	0	1	1	1	2
131	4	0	1	1	0	2
132	1	1	1	1	1	2
133	3	1	1	2	-1	2
134	1	1	1	1	1	2
135	1	1	1	2	0	2
136	1	1	1	1	1	2
137	1	0	0	1	0	2
138	3	1	1	1	0	2
139	1	1	1	1	1	2
140	1	1	1	1	1	2
141	4	0	1	1	0	2
142	2	0	1	1	1	2
143	3	1	1	1	0	2
144	3	0	0	1	-1	2
145	4	0	1	1	0	2
146	2	0	1	1	1	2
147	1	1	1	1	1	2
148	2	0	1	1	1	2
149	2	1	0	1	0	2
150	4	0	1	2	-1	2
151	3	1	1	1	0	2
152	2	0	1	2	0	2
153	1	0	0	1	0	2
154	3	1	1	1	0	2
155	3	1	1	1	0	2
156	2	0	1	1	1	2
157	4	0	1	1	0	2
158	2	0	1	1	1	2
159	4	0	1	2	-1	2
160	1	1	1	1	1	2
161	4	1	0	1	-1	2
162	4	0	1	1	0	2
163	1	1	1	1	1	2
164	2	1	0	1	0	2
165	3	1	1	1	0	2
166	2	0	1	1	1	2
167	1	1	1	1	1	2
168	2	0	1	2	0	2
169	2	0	1	1	1	2
170	2	0	1	1	1	2
171	3	1	1	1	0	2
172	4	0	1	1	0	2
173	1	1	1	1	1	2
174	3	1	1	1	0	2
175	3	1	1	1	0	2
176	3	1	1	1	0	2
177	1	1	1	1	1	2
178	2	0	1	2	0	2
179	1	1	1	1	1	2
180	1	1	1	2	0	2
181	1	1	1	1	1	2
182	1	1	1	1	1	2
183	4	0	1	1	0	2
184	2	0	1	2	0	2
185	2	1	0	1	0	2
186	1	1	1	1	1	2
187	2	0	1	2	0	2
188	4	0	1	1	0	2
189	1	1	1	1	1	2
190	1	1	1	2	0	2
191	1	1	1	1	1	2
192	4	0	1	1	0	2
193	2	0	1	1	1	2
194	4	0	1	1	0	2
195	3	1	1	2	-1	2
196	1	1	1	1	1	2
197	4	0	1	1	0	2
198	2	0	1	2	0	2
199	4	0	1	1	0	2
200	3	1	1	1	0	2
201	3	1	1	1	0	2
202	2	0	1	1	1	2
203	4	0	1	1	0	2
204	4	0	1	1	0	2
205	4	0	1	1	0	2
206	4	0	1	2	-1	2
207	2	0	1	1	1	2
208	2	0	1	1	1	2
209	2	0	1	1	1	2
210	3	1	1	1	0	2
211	1	1	1	1	1	2
212	3	1	1	1	0	2
213	3	1	1	1	0	2
214	3	1	1	2	-1	2
215	4	1	0	2	0	2
216	3	1	1	1	0	2
217	1	1	1	1	1	2
218	4	0	1	1	0	2
219	1	1	1	1	1	2
220	1	1	1	1	1	2
221	2	0	1	1	1	2
222	1	1	1	1	1	2
223	4	1	0	1	-1	2
224	2	0	1	1	1	2
225	3	1	1	1	0	2
226	2	0	1	1	1	2
227	2	0	1	1	1	2
228	1	1	1	1	1	2
229	4	0	1	1	0	2
230	4	0	1	1	0	2
231	2	0	1	1	1	2
232	1	1	1	1	1	2
233	1	1	1	1	1	2
234	1	1	1	2	0	2
235	3	1	1	2	-1	2
236	3	1	1	1	0	2
237	4	0	1	1	0	2
238	2	0	1	1	1	2
239	3	1	1	1	0	2
240	4	0	1	1	0	2
1	4	1	0	1	-1	3
2	4	0	1	1	0	3
3	4	0	1	1	0	3
4	2	0	1	2	0	3
5	2	1	0	2	1	3
6	2	1	0	1	0	3
7	2	1	0	1	0	3
8	3	1	1	2	-1	3
9	2	1	0	1	0	3
10	4	0	1	1	0	3
11	3	0	0	1	-1	3
12	1	0	0	2	1	3
13	1	0	0	2	1	3
14	2	0	1	2	0	3
15	3	0	0	1	-1	3
16	1	0	0	1	0	3
17	1	1	1	1	1	3
18	3	1	1	1	0	3
19	3	1	1	1	0	3
20	3	0	0	1	-1	3
21	3	0	0	1	-1	3
22	3	1	1	1	0	3
23	4	0	1	1	0	3
24	4	0	1	1	0	3
25	4	0	1	1	0	3
26	1	1	1	1	1	3
27	2	0	1	1	1	3
28	1	1	1	2	0	3
29	3	1	1	2	-1	3
30	3	1	1	2	-1	3
31	1	0	0	1	0	3
32	1	1	1	2	0	3
33	1	1	1	1	1	3
34	2	1	0	1	0	3
35	3	1	1	1	0	3
36	1	1	1	1	1	3
37	1	1	1	1	1	3
38	2	0	1	1	1	3
39	4	1	0	1	-1	3
40	1	1	1	1	1	3
41	2	0	1	1	1	3
42	4	0	1	1	0	3
43	3	1	1	2	-1	3
44	2	0	1	1	1	3
45	1	1	1	1	1	3
46	1	1	1	1	1	3
47	4	0	1	1	0	3
48	2	0	1	1	1	3
49	2	0	1	1	1	3
50	3	1	1	1	0	3
51	4	0	1	1	0	3
52	4	0	1	1	0	3
53	1	1	1	2	0	3
54	3	1	1	2	-1	3
55	1	1	1	2	0	3
56	4	0	1	1	0	3
57	4	0	1	1	0	3
58	4	0	1	1	0	3
59	2	0	1	1	1	3
60	4	1	0	1	-1	3
61	3	1	1	1	0	3
62	1	1	1	1	1	3
63	1	1	1	2	0	3
64	4	0	1	1	0	3
65	1	1	1	1	1	3
66	3	1	1	1	0	3
67	2	0	1	1	1	3
68	4	1	0	2	0	3
69	4	1	0	1	-1	3
70	2	0	1	1	1	3
71	1	1	1	2	0	3
72	3	0	0	2	0	3
73	1	1	1	1	1	3
74	3	1	1	1	0	3
75	2	0	1	1	1	3
76	1	1	1	1	1	3
77	2	0	1	1	1	3
78	2	0	1	1	1	3
79	1	1	1	2	0	3
80	3	1	1	1	0	3
81	3	1	1	2	-1	3
82	2	0	1	1	1	3
83	1	1	1	1	1	3
84	1	1	1	1	1	3
85	2	1	0	1	0	3
86	2	0	1	1	1	3
87	2	0	1	1	1	3
88	1	1	1	1	1	3
89	3	0	0	1	-1	3
90	1	1	1	1	1	3
91	4	0	1	2	-1	3
92	3	1	1	1	0	3
93	2	0	1	1	1	3
94	4	0	1	2	-1	3
95	3	1	1	1	0	3
96	2	0	1	1	1	3
97	3	0	0	1	-1	3
98	3	1	1	1	0	3
99	1	1	1	2	0	3
100	3	1	1	1	0	3
101	1	1	1	1	1	3
102	1	1	1	1	1	3
103	4	0	1	1	0	3
104	4	0	1	1	0	3
105	4	1	0	1	-1	3
106	3	0	0	1	-1	3
107	4	0	1	1	0	3
108	3	1	1	1	0	3
109	1	1	1	2	0	3
110	2	0	1	1	1	3
111	3	1	1	2	-1	3
112	1	1	1	1	1	3
113	1	0	0	2	1	3
114	3	1	1	1	0	3
115	1	1	1	1	1	3
116	3	1	1	1	0	3
117	2	0	1	1	1	3
118	4	0	1	1	0	3
119	3	1	1	1	0	3
120	4	1	0	1	-1	3
121	4	0	1	1	0	3
122	4	0	1	1	0	3
123	2	0	1	1	1	3
124	3	1	1	2	-1	3
125	3	1	1	1	0	3
126	3	1	1	1	0	3
127	2	0	1	1	1	3
128	4	0	1	1	0	3
129	4	0	1	1	0	3
130	2	0	1	1	1	3
131	1	1	1	1	1	3
132	2	0	1	1	1	3
133	3	1	1	1	0	3
134	3	1	1	1	0	3
135	4	0	1	1	0	3
136	3	1	1	1	0	3
137	3	1	1	1	0	3
138	3	1	1	1	0	3
139	1	1	1	1	1	3
140	2	0	1	2	0	3
141	1	1	1	1	1	3
142	3	1	1	2	-1	3
143	1	1	1	1	1	3
144	4	0	1	1	0	3
145	2	0	1	2	0	3
146	1	1	1	1	1	3
147	2	0	1	1	1	3
148	4	0	1	1	0	3
149	2	1	0	2	1	3
150	1	1	1	1	1	3
151	1	1	1	1	1	3
152	3	1	1	2	-1	3
153	4	0	1	1	0	3
154	4	0	1	1	0	3
155	2	0	1	2	0	3
156	4	0	1	1	0	3
157	3	1	1	2	-1	3
158	1	1	1	1	1	3
159	4	0	1	1	0	3
160	4	0	1	1	0	3
161	2	0	1	2	0	3
162	1	1	1	1	1	3
163	4	0	1	1	0	3
164	3	1	1	1	0	3
165	4	0	1	1	0	3
166	4	0	1	1	0	3
167	1	1	1	1	1	3
168	2	1	0	1	0	3
169	1	1	1	1	1	3
170	3	1	1	1	0	3
171	2	1	0	1	0	3
172	2	0	1	1	1	3
173	3	0	0	1	-1	3
174	1	1	1	1	1	3
175	1	1	1	2	0	3
176	1	1	1	1	1	3
177	2	0	1	1	1	3
178	4	1	0	1	-1	3
179	2	0	1	1	1	3
180	3	1	1	1	0	3
181	1	1	1	1	1	3
182	4	0	1	1	0	3
183	4	0	1	1	0	3
184	1	1	1	1	1	3
185	4	0	1	1	0	3
186	4	0	1	1	0	3
187	3	1	1	1	0	3
188	4	0	1	1	0	3
189	2	0	1	1	1	3
190	1	1	1	1	1	3
191	4	0	1	1	0	3
192	1	1	1	1	1	3
193	3	1	1	2	-1	3
194	2	1	0	1	0	3
195	2	0	1	1	1	3
196	4	0	1	1	0	3
197	2	0	1	2	0	3
198	1	1	1	1	1	3
199	4	0	1	1	0	3
200	4	0	1	2	-1	3
201	3	1	1	1	0	3
202	2	0	1	1	1	3
203	1	1	1	1	1	3
204	3	1	1	1	0	3
205	2	0	1	1	1	3
206	3	1	1	1	0	3
207	2	0	1	1	1	3
208	2	0	1	1	1	3
209	4	0	1	2	-1	3
210	2	1	0	1	0	3
211	1	1	1	1	1	3
212	4	0	1	2	-1	3
213	3	1	1	1	0	3
214	3	1	1	1	0	3
215	1	1	1	1	1	3
216	4	1	0	2	0	3
217	2	0	1	1	1	3
218	2	1	0	1	0	3
219	3	1	1	1	0	3
220	4	0	1	1	0	3
221	4	0	1	2	-1	3
222	2	0	1	1	1	3
223	3	1	1	2	-1	3
224	1	1	1	1	1	3
225	1	1	1	1	1	3
226	2	0	1	1	1	3
227	4	1	0	1	-1	3
228	3	1	1	1	0	3
229	2	0	1	1	1	3
230	4	1	0	1	-1	3
231	2	0	1	1	1	3
232	3	1	1	1	0	3
233	3	1	1	1	0	3
234	2	0	1	1	1	3
235	2	0	1	1	1	3
236	2	0	1	1	1	3
237	1	1	1	2	0	3
238	1	1	1	1	1	3
239	3	1	1	2	-1	3
240	4	1	0	2	0	3
1	4	0	1	1	0	4
2	4	1	0	1	-1	4
3	1	1	1	1	1	4
4	3	1	1	1	0	4
5	2	0	1	1	1	4
6	2	0	1	1	1	4
7	2	0	1	1	1	4
8	1	1	1	1	1	4
9	2	0	1	1	1	4
10	4	0	1	1	0	4
11	1	1	1	1	1	4
12	1	1	1	1	1	4
13	1	1	1	2	0	4
14	3	0	0	1	-1	4
15	1	0	0	1	0	4
16	2	0	1	1	1	4
17	3	0	0	2	0	4
18	1	1	1	2	0	4
19	4	0	1	1	0	4
20	2	0	1	1	1	4
21	2	0	1	1	1	4
22	3	1	1	2	-1	4
23	3	0	0	1	-1	4
24	4	1	0	1	-1	4
25	3	0	0	1	-1	4
26	2	0	1	1	1	4
27	4	0	1	1	0	4
28	1	1	1	1	1	4
29	1	0	0	1	0	4
30	1	1	1	1	1	4
31	2	0	1	2	0	4
32	1	1	1	2	0	4
33	4	1	0	1	-1	4
34	2	0	1	2	0	4
35	2	0	1	1	1	4
36	1	1	1	1	1	4
37	3	1	1	1	0	4
38	1	1	1	1	1	4
39	4	1	0	1	-1	4
40	2	1	0	1	0	4
41	4	0	1	1	0	4
42	2	0	1	2	0	4
43	2	0	1	1	1	4
44	3	1	1	2	-1	4
45	1	1	1	2	0	4
46	3	0	0	1	-1	4
47	3	1	1	1	0	4
48	3	0	0	1	-1	4
49	2	0	1	1	1	4
50	3	1	1	1	0	4
51	2	0	1	2	0	4
52	4	0	1	1	0	4
53	4	0	1	1	0	4
54	3	1	1	1	0	4
55	2	0	1	1	1	4
56	1	1	1	2	0	4
57	4	0	1	1	0	4
58	1	1	1	2	0	4
59	2	0	1	1	1	4
60	2	0	1	2	0	4
61	4	0	1	2	-1	4
62	3	1	1	1	0	4
63	1	1	1	1	1	4
64	2	0	1	1	1	4
65	3	1	1	1	0	4
66	4	0	1	1	0	4
67	3	1	1	1	0	4
68	4	0	1	1	0	4
69	1	1	1	1	1	4
70	4	0	1	1	0	4
71	2	0	1	2	0	4
72	1	1	1	1	1	4
73	4	0	1	2	-1	4
74	1	1	1	1	1	4
75	1	1	1	2	0	4
76	1	1	1	1	1	4
77	2	0	1	1	1	4
78	1	1	1	1	1	4
79	2	0	1	1	1	4
80	3	1	1	1	0	4
81	2	0	1	1	1	4
82	4	0	1	1	0	4
83	3	1	1	1	0	4
84	2	0	1	2	0	4
85	3	1	1	2	-1	4
86	2	0	1	1	1	4
87	3	1	1	2	-1	4
88	2	0	1	1	1	4
89	3	1	1	2	-1	4
90	2	0	1	1	1	4
91	2	0	1	1	1	4
92	3	0	0	1	-1	4
93	4	0	1	1	0	4
94	2	0	1	1	1	4
95	1	1	1	1	1	4
96	3	1	1	2	-1	4
97	4	0	1	1	0	4
98	4	0	1	1	0	4
99	4	0	1	2	-1	4
100	4	0	1	2	-1	4
101	4	1	0	1	-1	4
102	4	1	0	1	-1	4
103	2	0	1	2	0	4
104	2	0	1	2	0	4
105	1	1	1	1	1	4
106	3	1	1	1	0	4
107	1	1	1	2	0	4
108	2	0	1	1	1	4
109	1	1	1	2	0	4
110	4	0	1	1	0	4
111	1	1	1	1	1	4
112	4	0	1	1	0	4
113	2	0	1	1	1	4
114	2	0	1	1	1	4
115	2	0	1	1	1	4
116	1	1	1	1	1	4
117	4	1	0	1	-1	4
118	3	1	1	1	0	4
119	2	0	1	2	0	4
120	2	0	1	1	1	4
121	1	1	1	1	1	4
122	3	0	0	2	0	4
123	4	0	1	2	-1	4
124	4	0	1	1	0	4
125	4	0	1	1	0	4
126	4	0	1	1	0	4
127	3	1	1	1	0	4
128	1	1	1	1	1	4
129	1	1	1	2	0	4
130	2	0	1	1	1	4
131	1	1	1	1	1	4
132	4	0	1	1	0	4
133	3	1	1	2	-1	4
134	4	0	1	2	-1	4
135	3	0	0	1	-1	4
136	4	0	1	1	0	4
137	3	1	1	2	-1	4
138	1	1	1	2	0	4
139	3	1	1	1	0	4
140	1	1	1	1	1	4
141	1	1	1	1	1	4
142	1	0	0	1	0	4
143	4	0	1	1	0	4
144	1	1	1	1	1	4
145	3	0	0	1	-1	4
146	1	1	1	1	1	4
147	4	0	1	1	0	4
148	1	1	1	1	1	4
149	4	0	1	1	0	4
150	4	0	1	1	0	4
151	2	0	1	1	1	4
152	4	0	1	1	0	4
153	3	1	1	1	0	4
154	1	1	1	1	1	4
155	1	1	1	1	1	4
156	1	1	1	1	1	4
157	3	1	1	1	0	4
158	4	0	1	1	0	4
159	2	0	1	1	1	4
160	2	0	1	2	0	4
161	1	1	1	1	1	4
162	4	0	1	1	0	4
163	3	1	1	1	0	4
164	3	1	1	1	0	4
165	2	0	1	1	1	4
166	2	0	1	1	1	4
167	3	1	1	1	0	4
168	3	1	1	2	-1	4
169	3	1	1	1	0	4
170	2	0	1	1	1	4
171	1	1	1	1	1	4
172	3	1	1	1	0	4
173	3	1	1	1	0	4
174	3	1	1	1	0	4
175	4	0	1	1	0	4
176	3	1	1	1	0	4
177	3	1	1	1	0	4
178	3	1	1	1	0	4
179	3	1	1	1	0	4
180	4	0	1	2	-1	4
181	2	0	1	1	1	4
182	3	1	1	1	0	4
183	3	1	1	2	-1	4
184	2	0	1	2	0	4
185	1	1	1	1	1	4
186	1	1	1	2	0	4
187	4	1	0	1	-1	4
188	4	0	1	1	0	4
189	4	0	1	1	0	4
190	1	1	1	1	1	4
191	2	1	0	1	0	4
192	3	1	1	2	-1	4
193	3	0	0	1	-1	4
194	3	0	0	1	-1	4
195	2	0	1	1	1	4
196	4	0	1	1	0	4
197	4	0	1	1	0	4
198	1	1	1	1	1	4
199	4	0	1	1	0	4
200	3	0	0	1	-1	4
201	2	1	0	1	0	4
202	2	0	1	1	1	4
203	1	1	1	1	1	4
204	2	0	1	1	1	4
205	2	0	1	1	1	4
206	4	0	1	1	0	4
207	1	1	1	1	1	4
208	3	1	1	1	0	4
209	1	1	1	2	0	4
210	1	1	1	2	0	4
211	2	0	1	2	0	4
212	1	1	1	1	1	4
213	2	0	1	1	1	4
214	4	1	0	1	-1	4
215	2	0	1	2	0	4
216	3	0	0	1	-1	4
217	4	0	1	1	0	4
218	3	1	1	1	0	4
219	4	0	1	1	0	4
220	2	0	1	1	1	4
221	2	0	1	2	0	4
222	2	0	1	1	1	4
223	3	1	1	1	0	4
224	3	1	1	1	0	4
225	1	1	1	1	1	4
226	1	1	1	1	1	4
227	3	1	1	1	0	4
228	3	1	1	1	0	4
229	1	1	1	1	1	4
230	1	1	1	1	1	4
231	4	0	1	1	0	4
232	2	0	1	1	1	4
233	4	0	1	1	0	4
234	4	0	1	1	0	4
235	1	1	1	1	1	4
236	4	0	1	1	0	4
237	3	1	1	1	0	4
238	1	1	1	1	1	4
239	4	0	1	1	0	4
240	4	0	1	1	0	4
1	2	1	0	1	0	5
2	4	1	0	1	-1	5
3	2	0	1	1	1	5
4	1	0	0	1	0	5
5	3	1	1	1	0	5
6	2	0	1	1	1	5
7	1	1	1	1	1	5
8	4	0	1	1	0	5
9	3	1	1	2	-1	5
10	2	0	1	1	1	5
11	1	1	1	1	1	5
12	1	1	1	2	0	5
13	4	0	1	1	0	5
14	1	1	1	1	1	5
15	3	0	0	1	-1	5
16	4	1	0	1	-1	5
17	4	1	0	2	0	5
18	1	1	1	1	1	5
19	2	0	1	1	1	5
20	3	1	1	1	0	5
21	3	1	1	1	0	5
22	4	0	1	2	-1	5
23	1	1	1	2	0	5
24	4	0	1	1	0	5
25	2	0	1	1	1	5
26	1	1	1	1	1	5
27	4	0	1	1	0	5
28	3	0	0	1	-1	5
29	2	0	1	2	0	5
30	3	1	1	1	0	5
31	1	1	1	1	1	5
32	1	1	1	1	1	5
33	3	1	1	2	-1	5
34	4	0	1	1	0	5
35	3	1	1	1	0	5
36	2	0	1	2	0	5
37	4	0	1	1	0	5
38	2	0	1	2	0	5
39	3	1	1	1	0	5
40	3	1	1	2	-1	5
41	4	0	1	1	0	5
42	1	1	1	2	0	5
43	4	1	0	2	0	5
44	3	0	0	1	-1	5
45	2	1	0	1	0	5
46	4	1	0	1	-1	5
47	1	1	1	1	1	5
48	3	1	1	1	0	5
49	4	0	1	1	0	5
50	2	1	0	1	0	5
51	1	1	1	2	0	5
52	1	1	1	2	0	5
53	4	1	0	2	0	5
54	1	1	1	1	1	5
55	2	1	0	1	0	5
56	4	0	1	2	-1	5
57	1	1	1	1	1	5
58	1	1	1	1	1	5
59	2	0	1	1	1	5
60	4	0	1	1	0	5
61	4	0	1	2	-1	5
62	3	0	0	1	-1	5
63	1	1	1	1	1	5
64	2	0	1	1	1	5
65	1	1	1	1	1	5
66	2	0	1	1	1	5
67	3	1	1	1	0	5
68	1	1	1	1	1	5
69	3	1	1	1	0	5
70	4	1	0	1	-1	5
71	3	1	1	1	0	5
72	3	1	1	1	0	5
73	1	1	1	1	1	5
74	4	0	1	1	0	5
75	3	1	1	2	-1	5
76	1	1	1	2	0	5
77	1	1	1	2	0	5
78	1	1	1	1	1	5
79	3	1	1	2	-1	5
80	3	1	1	2	-1	5
81	4	0	1	1	0	5
82	2	0	1	1	1	5
83	3	1	1	1	0	5
84	4	0	1	2	-1	5
85	2	0	1	1	1	5
86	3	1	1	1	0	5
87	2	0	1	2	0	5
88	1	1	1	1	1	5
89	4	0	1	2	-1	5
90	1	1	1	1	1	5
91	1	1	1	1	1	5
92	2	0	1	1	1	5
93	1	1	1	1	1	5
94	2	0	1	1	1	5
95	1	1	1	1	1	5
96	4	0	1	1	0	5
97	3	1	1	1	0	5
98	1	1	1	1	1	5
99	4	1	0	1	-1	5
100	2	0	1	1	1	5
101	1	1	1	1	1	5
102	4	0	1	1	0	5
103	4	1	0	1	-1	5
104	3	1	1	1	0	5
105	2	0	1	1	1	5
106	4	0	1	1	0	5
107	3	1	1	1	0	5
108	3	0	0	1	-1	5
109	4	0	1	1	0	5
110	4	0	1	2	-1	5
111	4	1	0	1	-1	5
112	4	0	1	2	-1	5
113	2	0	1	1	1	5
114	4	0	1	1	0	5
115	3	1	1	2	-1	5
116	4	0	1	1	0	5
117	2	0	1	2	0	5
118	2	1	0	1	0	5
119	1	1	1	1	1	5
120	2	0	1	2	0	5
121	1	1	1	1	1	5
122	2	0	1	2	0	5
123	3	1	1	1	0	5
124	1	1	1	1	1	5
125	4	0	1	1	0	5
126	2	0	1	1	1	5
127	3	1	1	1	0	5
128	4	1	0	1	-1	5
129	3	1	1	1	0	5
130	2	0	1	2	0	5
131	2	0	1	1	1	5
132	1	1	1	1	1	5
133	3	1	1	1	0	5
134	2	0	1	1	1	5
135	3	1	1	1	0	5
136	2	0	1	1	1	5
137	1	1	1	1	1	5
138	3	1	1	2	-1	5
139	4	0	1	1	0	5
140	3	1	1	1	0	5
141	3	1	1	2	-1	5
142	2	0	1	1	1	5
143	3	0	0	1	-1	5
144	3	1	1	2	-1	5
145	1	1	1	1	1	5
146	4	0	1	1	0	5
147	4	0	1	1	0	5
148	4	0	1	1	0	5
149	4	0	1	1	0	5
150	4	0	1	1	0	5
151	1	0	0	2	1	5
152	3	1	1	1	0	5
153	1	1	1	1	1	5
154	4	0	1	2	-1	5
155	3	1	1	1	0	5
156	1	0	0	1	0	5
157	2	0	1	2	0	5
158	2	0	1	1	1	5
159	2	1	0	1	0	5
160	4	0	1	1	0	5
161	3	1	1	1	0	5
162	2	1	0	2	1	5
163	2	0	1	2	0	5
164	3	1	1	2	-1	5
165	4	0	1	1	0	5
166	4	0	1	2	-1	5
167	1	1	1	2	0	5
168	4	0	1	1	0	5
169	1	1	1	1	1	5
170	1	1	1	1	1	5
171	3	0	0	1	-1	5
172	4	0	1	2	-1	5
173	2	1	0	1	0	5
174	3	1	1	1	0	5
175	3	1	1	2	-1	5
176	4	0	1	1	0	5
177	2	0	1	1	1	5
178	3	0	0	1	-1	5
179	2	1	0	2	1	5
180	3	1	1	2	-1	5
181	3	1	1	1	0	5
182	4	0	1	2	-1	5
183	4	0	1	2	-1	5
184	2	1	0	1	0	5
185	2	0	1	2	0	5
186	1	1	1	2	0	5
187	1	1	1	2	0	5
188	4	0	1	2	-1	5
189	2	1	0	2	1	5
190	3	1	1	1	0	5
191	3	1	1	1	0	5
192	1	1	1	2	0	5
193	2	0	1	1	1	5
194	1	1	1	1	1	5
195	4	0	1	1	0	5
196	2	1	0	1	0	5
197	1	0	0	1	0	5
198	2	1	0	1	0	5
199	1	1	1	1	1	5
200	1	0	0	1	0	5
201	1	1	1	1	1	5
202	2	0	1	1	1	5
203	3	1	1	1	0	5
204	4	0	1	1	0	5
205	2	0	1	1	1	5
206	3	1	1	1	0	5
207	2	0	1	1	1	5
208	3	1	1	1	0	5
209	3	1	1	1	0	5
210	2	0	1	2	0	5
211	1	1	1	2	0	5
212	1	1	1	1	1	5
213	2	1	0	1	0	5
214	1	1	1	2	0	5
215	2	0	1	1	1	5
216	2	0	1	1	1	5
217	4	0	1	1	0	5
218	4	0	1	2	-1	5
219	1	1	1	1	1	5
220	3	1	1	1	0	5
221	1	1	1	1	1	5
222	1	1	1	2	0	5
223	4	0	1	1	0	5
224	1	1	1	1	1	5
225	2	0	1	1	1	5
226	2	0	1	1	1	5
227	3	1	1	1	0	5
228	1	1	1	2	0	5
229	2	0	1	2	0	5
230	3	1	1	1	0	5
231	2	0	1	2	0	5
232	3	1	1	1	0	5
233	2	1	0	1	0	5
234	4	0	1	1	0	5
235	3	1	1	1	0	5
236	4	0	1	1	0	5
237	1	1	1	1	1	5
238	3	1	1	1	0	5
239	4	0	1	1	0	5
240	2	0	1	1	1	5
1	3	0	0	2	0	6
2	1	1	1	1	1	6
3	1	1	1	1	1	6
4	2	1	0	2	1	6
5	2	0	1	1	1	6
6	3	1	1	1	0	6
7	2	1	0	1	0	6
8	4	0	1	1	0	6
9	2	1	0	1	0	6
10	4	1	0	1	-1	6
11	1	1	1	1	1	6
12	3	0	0	1	-1	6
13	4	0	1	1	0	6
14	2	0	1	1	1	6
15	2	1	0	2	1	6
16	1	1	1	1	1	6
17	3	1	1	2	-1	6
18	4	1	0	1	-1	6
19	1	1	1	1	1	6
20	4	0	1	1	0	6
21	4	0	1	2	-1	6
22	1	1	1	1	1	6
23	4	0	1	1	0	6
24	2	1	0	1	0	6
25	2	1	0	1	0	6
26	3	1	1	2	-1	6
27	4	1	0	1	-1	6
28	1	1	1	1	1	6
29	2	1	0	1	0	6
30	4	0	1	1	0	6
31	1	1	1	1	1	6
32	1	1	1	1	1	6
33	3	1	1	1	0	6
34	3	0	0	1	-1	6
35	3	1	1	1	0	6
36	3	0	0	2	0	6
37	1	1	1	1	1	6
38	2	0	1	1	1	6
39	4	0	1	1	0	6
40	3	1	1	1	0	6
41	2	1	0	1	0	6
42	4	0	1	1	0	6
43	4	0	1	1	0	6
44	2	0	1	1	1	6
45	2	0	1	1	1	6
46	2	0	1	1	1	6
47	2	0	1	1	1	6
48	4	0	1	1	0	6
49	3	0	0	1	-1	6
50	2	0	1	1	1	6
51	2	0	1	1	1	6
52	2	0	1	1	1	6
53	3	1	1	1	0	6
54	1	1	1	2	0	6
55	2	0	1	1	1	6
56	4	0	1	1	0	6
57	1	1	1	1	1	6
58	4	1	0	1	-1	6
59	2	1	0	1	0	6
60	3	1	1	1	0	6
61	3	1	1	1	0	6
62	3	1	1	1	0	6
63	1	1	1	2	0	6
64	1	1	1	1	1	6
65	1	0	0	2	1	6
66	2	0	1	1	1	6
67	4	0	1	1	0	6
68	1	1	1	1	1	6
69	4	0	1	1	0	6
70	2	0	1	1	1	6
71	4	0	1	1	0	6
72	2	0	1	1	1	6
73	1	1	1	1	1	6
74	4	0	1	1	0	6
75	1	1	1	1	1	6
76	1	1	1	1	1	6
77	4	0	1	1	0	6
78	2	0	1	1	1	6
79	4	0	1	1	0	6
80	2	0	1	1	1	6
81	1	1	1	1	1	6
82	1	1	1	2	0	6
83	2	0	1	1	1	6
84	1	1	1	2	0	6
85	2	0	1	1	1	6
86	3	1	1	1	0	6
87	3	1	1	2	-1	6
88	2	0	1	1	1	6
89	2	0	1	1	1	6
90	3	0	0	2	0	6
91	1	1	1	1	1	6
92	3	1	1	1	0	6
93	4	0	1	1	0	6
94	1	1	1	2	0	6
95	2	0	1	2	0	6
96	4	0	1	1	0	6
97	3	1	1	1	0	6
98	2	0	1	1	1	6
99	3	1	1	1	0	6
100	3	1	1	1	0	6
101	2	0	1	1	1	6
102	1	1	1	1	1	6
103	3	1	1	2	-1	6
104	4	0	1	1	0	6
105	3	1	1	1	0	6
106	1	1	1	1	1	6
107	3	1	1	1	0	6
108	3	1	1	2	-1	6
109	2	0	1	1	1	6
110	2	0	1	2	0	6
111	4	0	1	2	-1	6
112	2	1	0	1	0	6
113	3	0	0	2	0	6
114	3	0	0	1	-1	6
115	4	0	1	1	0	6
116	1	1	1	1	1	6
117	4	0	1	1	0	6
118	2	0	1	1	1	6
119	2	0	1	1	1	6
120	2	0	1	1	1	6
121	1	1	1	1	1	6
122	1	0	0	1	0	6
123	3	0	0	1	-1	6
124	4	0	1	1	0	6
125	4	0	1	1	0	6
126	2	0	1	1	1	6
127	3	1	1	1	0	6
128	4	0	1	1	0	6
129	1	1	1	1	1	6
130	2	0	1	1	1	6
131	4	1	0	1	-1	6
132	3	1	1	1	0	6
133	4	0	1	1	0	6
134	4	0	1	1	0	6
135	1	1	1	1	1	6
136	1	1	1	2	0	6
137	1	0	0	1	0	6
138	2	0	1	1	1	6
139	3	1	1	1	0	6
140	2	0	1	1	1	6
141	1	1	1	1	1	6
142	1	1	1	2	0	6
143	3	1	1	2	-1	6
144	2	1	0	1	0	6
145	4	0	1	1	0	6
146	3	1	1	1	0	6
147	3	1	1	1	0	6
148	2	0	1	1	1	6
149	3	1	1	1	0	6
150	2	0	1	1	1	6
151	4	1	0	1	-1	6
152	4	0	1	1	0	6
153	3	1	1	1	0	6
154	3	1	1	1	0	6
155	4	0	1	2	-1	6
156	1	1	1	1	1	6
157	2	0	1	1	1	6
158	1	1	1	1	1	6
159	4	0	1	1	0	6
160	1	1	1	1	1	6
161	4	0	1	1	0	6
162	3	1	1	1	0	6
163	4	0	1	1	0	6
164	1	1	1	1	1	6
165	2	0	1	1	1	6
166	1	1	1	2	0	6
167	4	0	1	2	-1	6
168	3	1	1	1	0	6
169	3	1	1	1	0	6
170	4	0	1	1	0	6
171	4	1	0	1	-1	6
172	1	1	1	1	1	6
173	2	0	1	2	0	6
174	3	1	1	1	0	6
175	1	1	1	1	1	6
176	1	1	1	1	1	6
177	3	1	1	1	0	6
178	2	0	1	1	1	6
179	4	0	1	2	-1	6
180	4	0	1	1	0	6
181	4	0	1	1	0	6
182	3	1	1	1	0	6
183	2	0	1	2	0	6
184	1	1	1	1	1	6
185	1	1	1	1	1	6
186	2	1	0	1	0	6
187	2	0	1	1	1	6
188	4	0	1	1	0	6
189	1	1	1	2	0	6
190	2	0	1	1	1	6
191	4	0	1	1	0	6
192	4	0	1	1	0	6
193	1	1	1	1	1	6
194	3	1	1	1	0	6
195	3	1	1	1	0	6
196	1	1	1	1	1	6
197	2	0	1	2	0	6
198	1	1	1	1	1	6
199	4	0	1	1	0	6
200	4	0	1	1	0	6
201	3	1	1	1	0	6
202	2	0	1	1	1	6
203	1	1	1	1	1	6
204	3	1	1	1	0	6
205	1	1	1	2	0	6
206	1	1	1	1	1	6
207	4	0	1	1	0	6
208	3	1	1	1	0	6
209	3	1	1	1	0	6
210	1	1	1	1	1	6
211	2	0	1	1	1	6
212	3	1	1	1	0	6
213	4	0	1	2	-1	6
214	3	1	1	1	0	6
215	1	1	1	1	1	6
216	4	0	1	1	0	6
217	1	1	1	1	1	6
218	3	1	1	1	0	6
219	4	0	1	1	0	6
220	2	0	1	1	1	6
221	2	0	1	1	1	6
222	4	0	1	1	0	6
223	4	0	1	1	0	6
224	2	0	1	1	1	6
225	1	1	1	2	0	6
226	1	1	1	1	1	6
227	4	0	1	2	-1	6
228	3	1	1	1	0	6
229	4	0	1	1	0	6
230	2	0	1	1	1	6
231	1	1	1	1	1	6
232	3	1	1	1	0	6
233	3	1	1	2	-1	6
234	3	1	1	1	0	6
235	4	0	1	1	0	6
236	1	1	1	1	1	6
237	1	1	1	1	1	6
238	3	1	1	1	0	6
239	3	1	1	1	0	6
240	3	1	1	1	0	6
1	1	1	1	1	1	7
2	1	1	1	1	1	7
3	1	1	1	1	1	7
4	4	0	1	2	-1	7
5	3	1	1	1	0	7
6	2	1	0	1	0	7
7	1	1	1	1	1	7
8	4	1	0	1	-1	7
9	4	1	0	1	-1	7
10	3	1	1	1	0	7
11	2	0	1	2	0	7
12	3	1	1	1	0	7
13	1	1	1	1	1	7
14	1	1	1	1	1	7
15	4	1	0	1	-1	7
16	3	0	0	2	0	7
17	1	1	1	2	0	7
18	3	1	1	2	-1	7
19	3	0	0	1	-1	7
20	2	1	0	1	0	7
21	4	0	1	1	0	7
22	4	0	1	1	0	7
23	2	1	0	2	1	7
24	1	1	1	1	1	7
25	3	1	1	1	0	7
26	1	1	1	1	1	7
27	3	1	1	2	-1	7
28	2	1	0	1	0	7
29	4	0	1	2	-1	7
30	1	1	1	2	0	7
31	2	1	0	1	0	7
32	4	1	0	2	0	7
33	4	0	1	1	0	7
34	4	0	1	2	-1	7
35	3	0	0	1	-1	7
36	1	1	1	1	1	7
37	4	0	1	2	-1	7
38	1	1	1	1	1	7
39	1	1	1	1	1	7
40	4	1	0	2	0	7
41	3	0	0	2	0	7
42	1	1	1	1	1	7
43	1	1	1	1	1	7
44	3	1	1	1	0	7
45	4	1	0	1	-1	7
46	2	1	0	2	1	7
47	2	1	0	1	0	7
48	1	1	1	1	1	7
49	4	0	1	2	-1	7
50	1	1	1	2	0	7
51	2	1	0	1	0	7
52	1	1	1	1	1	7
53	1	0	0	1	0	7
54	3	1	1	2	-1	7
55	2	1	0	1	0	7
56	4	0	1	1	0	7
57	3	0	0	1	-1	7
58	2	1	0	1	0	7
59	2	0	1	2	0	7
60	2	1	0	1	0	7
61	3	1	1	1	0	7
62	2	1	0	1	0	7
63	1	1	1	1	1	7
64	3	1	1	1	0	7
65	4	1	0	1	-1	7
66	1	0	0	1	0	7
67	3	1	1	1	0	7
68	2	0	1	1	1	7
69	4	1	0	1	-1	7
70	3	0	0	1	-1	7
71	1	1	1	1	1	7
72	2	0	1	1	1	7
73	3	1	1	2	-1	7
74	2	1	0	1	0	7
75	3	1	1	2	-1	7
76	2	0	1	1	1	7
77	4	0	1	1	0	7
78	3	1	1	1	0	7
79	2	1	0	1	0	7
80	1	1	1	2	0	7
81	2	0	1	1	1	7
82	2	1	0	1	0	7
83	2	1	0	1	0	7
84	3	1	1	1	0	7
85	4	1	0	2	0	7
86	4	1	0	1	-1	7
87	3	1	1	1	0	7
88	4	0	1	2	-1	7
89	3	1	1	1	0	7
90	3	1	1	1	0	7
91	1	1	1	1	1	7
92	2	0	1	1	1	7
93	3	1	1	2	-1	7
94	3	0	0	1	-1	7
95	3	0	0	2	0	7
96	2	0	1	2	0	7
97	3	1	1	1	0	7
98	3	1	1	1	0	7
99	3	1	1	1	0	7
100	4	1	0	1	-1	7
101	3	1	1	1	0	7
102	2	0	1	1	1	7
103	4	0	1	1	0	7
104	1	1	1	2	0	7
105	4	0	1	1	0	7
106	4	0	1	1	0	7
107	4	0	1	1	0	7
108	3	0	0	1	-1	7
109	2	1	0	1	0	7
110	4	0	1	1	0	7
111	1	1	1	1	1	7
112	1	1	1	1	1	7
113	4	0	1	1	0	7
114	4	0	1	1	0	7
115	4	0	1	2	-1	7
116	2	0	1	2	0	7
117	2	0	1	1	1	7
118	3	1	1	1	0	7
119	1	1	1	1	1	7
120	3	1	1	1	0	7
121	4	1	0	1	-1	7
122	3	1	1	1	0	7
123	2	0	1	1	1	7
124	2	1	0	1	0	7
125	1	1	1	2	0	7
126	1	1	1	1	1	7
127	2	0	1	2	0	7
128	3	1	1	1	0	7
129	1	1	1	1	1	7
130	4	0	1	1	0	7
131	4	0	1	1	0	7
132	4	0	1	2	-1	7
133	2	0	1	1	1	7
134	1	1	1	1	1	7
135	4	0	1	2	-1	7
136	1	1	1	1	1	7
137	3	1	1	1	0	7
138	1	1	1	1	1	7
139	2	0	1	1	1	7
140	1	1	1	1	1	7
141	1	1	1	1	1	7
142	3	1	1	1	0	7
143	3	1	1	1	0	7
144	3	0	0	1	-1	7
145	4	0	1	1	0	7
146	1	1	1	1	1	7
147	4	0	1	1	0	7
148	1	1	1	2	0	7
149	4	0	1	1	0	7
150	3	1	1	1	0	7
151	4	0	1	1	0	7
152	4	1	0	1	-1	7
153	3	1	1	1	0	7
154	1	1	1	1	1	7
155	1	0	0	2	1	7
156	2	0	1	1	1	7
157	4	0	1	1	0	7
158	3	1	1	1	0	7
159	4	0	1	1	0	7
160	1	1	1	1	1	7
161	2	0	1	1	1	7
162	1	1	1	1	1	7
163	4	0	1	1	0	7
164	4	0	1	1	0	7
165	1	1	1	1	1	7
166	1	1	1	1	1	7
167	1	1	1	1	1	7
168	2	0	1	1	1	7
169	4	0	1	1	0	7
170	2	0	1	1	1	7
171	4	0	1	2	-1	7
172	2	0	1	1	1	7
173	4	0	1	1	0	7
174	2	0	1	2	0	7
175	3	1	1	1	0	7
176	1	1	1	2	0	7
177	2	0	1	1	1	7
178	2	0	1	1	1	7
179	4	0	1	2	-1	7
180	3	1	1	1	0	7
181	1	1	1	1	1	7
182	2	0	1	1	1	7
183	2	0	1	1	1	7
184	3	1	1	1	0	7
185	2	0	1	1	1	7
186	3	1	1	1	0	7
187	1	1	1	1	1	7
188	3	1	1	1	0	7
189	4	0	1	1	0	7
190	4	0	1	1	0	7
191	1	1	1	1	1	7
192	3	1	1	1	0	7
193	4	0	1	2	-1	7
194	2	0	1	1	1	7
195	4	0	1	2	-1	7
196	2	0	1	1	1	7
197	4	1	0	1	-1	7
198	2	0	1	2	0	7
199	3	1	1	1	0	7
200	3	1	1	2	-1	7
201	3	1	1	1	0	7
202	1	1	1	1	1	7
203	3	1	1	2	-1	7
204	3	1	1	2	-1	7
205	3	1	1	2	-1	7
206	2	0	1	1	1	7
207	4	0	1	1	0	7
208	2	0	1	1	1	7
209	2	0	1	1	1	7
210	3	1	1	1	0	7
211	2	0	1	2	0	7
212	2	0	1	1	1	7
213	2	1	0	1	0	7
214	2	1	0	1	0	7
215	2	0	1	2	0	7
216	3	1	1	1	0	7
217	4	1	0	2	0	7
218	1	1	1	1	1	7
219	4	0	1	1	0	7
220	1	1	1	1	1	7
221	3	1	1	1	0	7
222	4	0	1	2	-1	7
223	2	0	1	1	1	7
224	3	1	1	2	-1	7
225	1	0	0	1	0	7
226	2	0	1	1	1	7
227	1	1	1	1	1	7
228	1	1	1	2	0	7
229	2	0	1	1	1	7
230	1	0	0	1	0	7
231	1	1	1	1	1	7
232	4	0	1	1	0	7
233	4	0	1	1	0	7
234	4	0	1	1	0	7
235	1	1	1	1	1	7
236	1	1	1	1	1	7
237	1	1	1	2	0	7
238	2	0	1	1	1	7
239	3	1	1	2	-1	7
240	2	0	1	1	1	7
1	4	0	1	2	-1	8
2	3	0	0	1	-1	8
3	1	0	0	1	0	8
4	2	1	0	2	1	8
5	1	1	1	1	1	8
6	3	1	1	1	0	8
7	1	1	1	1	1	8
8	4	1	0	1	-1	8
9	1	0	0	2	1	8
10	1	1	1	1	1	8
11	3	0	0	1	-1	8
12	3	1	1	1	0	8
13	4	0	1	1	0	8
14	2	1	0	2	1	8
15	1	1	1	1	1	8
16	2	1	0	1	0	8
17	1	1	1	2	0	8
18	1	1	1	2	0	8
19	2	0	1	1	1	8
20	4	1	0	1	-1	8
21	3	1	1	1	0	8
22	4	0	1	1	0	8
23	3	1	1	1	0	8
24	1	1	1	1	1	8
25	4	0	1	1	0	8
26	2	1	0	2	1	8
27	2	1	0	2	1	8
28	4	0	1	2	-1	8
29	3	1	1	2	-1	8
30	2	1	0	1	0	8
31	4	0	1	1	0	8
32	3	1	1	2	-1	8
33	2	1	0	1	0	8
34	3	1	1	1	0	8
35	4	0	1	1	0	8
36	1	1	1	1	1	8
37	4	1	0	1	-1	8
38	1	1	1	2	0	8
39	3	0	0	1	-1	8
40	4	0	1	1	0	8
41	3	1	1	1	0	8
42	4	0	1	1	0	8
43	1	1	1	1	1	8
44	3	1	1	2	-1	8
45	2	1	0	1	0	8
46	2	1	0	2	1	8
47	3	1	1	1	0	8
48	4	1	0	2	0	8
49	4	0	1	1	0	8
50	1	1	1	1	1	8
51	4	1	0	1	-1	8
52	4	0	1	1	0	8
53	3	1	1	1	0	8
54	2	1	0	2	1	8
55	2	1	0	2	1	8
56	4	0	1	1	0	8
57	1	1	1	1	1	8
58	2	1	0	1	0	8
59	3	1	1	1	0	8
60	3	0	0	2	0	8
61	3	0	0	2	0	8
62	4	1	0	1	-1	8
63	3	1	1	1	0	8
64	3	1	1	1	0	8
65	3	0	0	1	-1	8
66	3	1	1	1	0	8
67	2	1	0	2	1	8
68	1	1	1	1	1	8
69	1	1	1	1	1	8
70	2	1	0	1	0	8
71	2	1	0	2	1	8
72	3	1	1	2	-1	8
73	3	1	1	1	0	8
74	1	1	1	1	1	8
75	2	1	0	1	0	8
76	1	1	1	1	1	8
77	3	1	1	1	0	8
78	4	0	1	2	-1	8
79	4	0	1	1	0	8
80	4	0	1	1	0	8
81	4	0	1	2	-1	8
82	4	0	1	2	-1	8
83	1	1	1	1	1	8
84	4	0	1	1	0	8
85	3	1	1	1	0	8
86	1	1	1	1	1	8
87	4	0	1	2	-1	8
88	3	1	1	2	-1	8
89	3	0	0	2	0	8
90	2	1	0	2	1	8
91	1	1	1	1	1	8
92	4	0	1	1	0	8
93	1	1	1	1	1	8
94	2	1	0	2	1	8
95	1	0	0	1	0	8
96	2	1	0	1	0	8
97	4	1	0	1	-1	8
98	1	1	1	1	1	8
99	1	1	1	2	0	8
100	2	1	0	1	0	8
101	3	0	0	1	-1	8
102	4	0	1	1	0	8
103	1	1	1	2	0	8
104	1	1	1	1	1	8
105	3	0	0	2	0	8
106	1	0	0	1	0	8
107	4	1	0	1	-1	8
108	3	0	0	1	-1	8
109	3	1	1	1	0	8
110	4	1	0	1	-1	8
111	3	1	1	1	0	8
112	2	1	0	1	0	8
113	4	0	1	1	0	8
114	4	0	1	1	0	8
115	1	1	1	2	0	8
116	1	1	1	1	1	8
117	1	1	1	2	0	8
118	4	0	1	1	0	8
119	4	1	0	1	-1	8
120	4	0	1	2	-1	8
121	1	1	1	2	0	8
122	4	0	1	1	0	8
123	1	1	1	2	0	8
124	2	1	0	1	0	8
125	4	0	1	1	0	8
126	2	0	1	1	1	8
127	4	0	1	2	-1	8
128	2	1	0	2	1	8
129	4	0	1	1	0	8
130	1	1	1	1	1	8
131	1	1	1	1	1	8
132	3	0	0	1	-1	8
133	4	0	1	1	0	8
134	1	1	1	1	1	8
135	4	1	0	1	-1	8
136	2	1	0	1	0	8
137	4	0	1	2	-1	8
138	4	0	1	1	0	8
139	2	1	0	1	0	8
140	1	1	1	1	1	8
141	3	1	1	1	0	8
142	3	1	1	1	0	8
143	4	0	1	1	0	8
144	1	1	1	2	0	8
145	2	1	0	1	0	8
146	2	1	0	1	0	8
147	3	1	1	2	-1	8
148	1	1	1	1	1	8
149	4	0	1	1	0	8
150	1	0	0	1	0	8
151	3	0	0	1	-1	8
152	2	1	0	1	0	8
153	4	0	1	1	0	8
154	4	0	1	1	0	8
155	1	1	1	1	1	8
156	2	1	0	1	0	8
157	4	0	1	1	0	8
158	3	1	1	1	0	8
159	4	0	1	1	0	8
160	1	1	1	1	1	8
161	4	0	1	1	0	8
162	3	0	0	1	-1	8
163	3	0	0	2	0	8
164	1	1	1	1	1	8
165	2	1	0	1	0	8
166	2	0	1	1	1	8
167	1	1	1	1	1	8
168	2	0	1	2	0	8
169	2	1	0	2	1	8
170	2	0	1	1	1	8
171	3	0	0	1	-1	8
172	2	0	1	1	1	8
173	2	1	0	1	0	8
174	1	1	1	1	1	8
175	1	1	1	1	1	8
176	2	1	0	1	0	8
177	1	1	1	1	1	8
178	2	0	1	1	1	8
179	1	1	1	2	0	8
180	1	1	1	1	1	8
181	4	0	1	1	0	8
182	3	1	1	2	-1	8
183	2	0	1	1	1	8
184	1	1	1	1	1	8
185	2	0	1	1	1	8
186	2	0	1	1	1	8
187	2	0	1	1	1	8
188	3	0	0	1	-1	8
189	2	0	1	1	1	8
190	3	1	1	1	0	8
191	2	0	1	1	1	8
192	1	1	1	1	1	8
193	3	1	1	1	0	8
194	2	0	1	1	1	8
195	3	1	1	1	0	8
196	3	1	1	1	0	8
197	3	1	1	1	0	8
198	1	1	1	1	1	8
199	2	0	1	1	1	8
200	2	0	1	1	1	8
201	3	1	1	1	0	8
202	2	0	1	1	1	8
203	1	1	1	2	0	8
204	2	0	1	1	1	8
205	1	1	1	2	0	8
206	2	0	1	1	1	8
207	1	1	1	1	1	8
208	3	1	1	1	0	8
209	2	0	1	1	1	8
210	1	1	1	1	1	8
211	3	1	1	1	0	8
212	2	0	1	1	1	8
213	2	0	1	2	0	8
214	3	1	1	1	0	8
215	3	1	1	2	-1	8
216	4	0	1	1	0	8
217	1	1	1	1	1	8
218	2	0	1	1	1	8
219	3	1	1	1	0	8
220	4	0	1	1	0	8
221	3	1	1	1	0	8
222	1	1	1	1	1	8
223	3	1	1	1	0	8
224	4	0	1	1	0	8
225	1	1	1	2	0	8
226	4	0	1	1	0	8
227	3	1	1	1	0	8
228	4	0	1	1	0	8
229	1	1	1	1	1	8
230	2	0	1	1	1	8
231	2	0	1	1	1	8
232	2	1	0	1	0	8
233	4	0	1	1	0	8
234	4	0	1	1	0	8
235	2	0	1	1	1	8
236	3	1	1	1	0	8
237	3	1	1	1	0	8
238	4	0	1	1	0	8
239	3	1	1	1	0	8
240	4	0	1	1	0	8
1	3	0	0	1	-1	9
2	1	0	0	1	0	9
3	2	1	0	1	0	9
4	1	1	1	1	1	9
5	1	1	1	2	0	9
6	3	0	0	1	-1	9
7	1	1	1	1	1	9
8	2	0	1	1	1	9
9	1	1	1	1	1	9
10	2	1	0	1	0	9
11	1	1	1	1	1	9
12	4	1	0	1	-1	9
13	2	0	1	1	1	9
14	4	1	0	1	-1	9
15	3	1	1	1	0	9
16	1	1	1	2	0	9
17	2	0	1	1	1	9
18	3	1	1	2	-1	9
19	1	1	1	1	1	9
20	1	1	1	2	0	9
21	1	0	0	1	0	9
22	2	0	1	2	0	9
23	1	1	1	1	1	9
24	3	1	1	1	0	9
25	4	0	1	1	0	9
26	3	1	1	1	0	9
27	4	0	1	1	0	9
28	2	0	1	1	1	9
29	1	1	1	1	1	9
30	2	0	1	1	1	9
31	2	0	1	1	1	9
32	2	0	1	1	1	9
33	1	1	1	2	0	9
34	3	0	0	2	0	9
35	2	0	1	1	1	9
36	2	0	1	1	1	9
37	3	1	1	2	-1	9
38	3	1	1	1	0	9
39	3	0	0	1	-1	9
40	3	1	1	1	0	9
41	4	0	1	1	0	9
42	4	0	1	1	0	9
43	2	0	1	1	1	9
44	2	0	1	1	1	9
45	1	1	1	1	1	9
46	4	0	1	1	0	9
47	2	0	1	1	1	9
48	4	0	1	1	0	9
49	4	0	1	1	0	9
50	3	1	1	2	-1	9
51	2	0	1	1	1	9
52	3	0	0	1	-1	9
53	1	1	1	1	1	9
54	3	1	1	2	-1	9
55	1	1	1	1	1	9
56	4	0	1	1	0	9
57	2	0	1	1	1	9
58	3	0	0	1	-1	9
59	2	0	1	1	1	9
60	1	1	1	1	1	9
61	3	1	1	1	0	9
62	4	0	1	1	0	9
63	2	0	1	2	0	9
64	4	0	1	2	-1	9
65	2	0	1	1	1	9
66	4	1	0	2	0	9
67	2	0	1	1	1	9
68	4	0	1	1	0	9
69	4	1	0	1	-1	9
70	1	1	1	1	1	9
71	2	0	1	1	1	9
72	1	1	1	2	0	9
73	1	1	1	1	1	9
74	1	1	1	1	1	9
75	1	1	1	2	0	9
76	4	0	1	1	0	9
77	1	1	1	1	1	9
78	2	0	1	1	1	9
79	4	0	1	1	0	9
80	1	1	1	2	0	9
81	1	1	1	1	1	9
82	3	0	0	1	-1	9
83	1	1	1	1	1	9
84	1	1	1	1	1	9
85	2	1	0	1	0	9
86	4	0	1	1	0	9
87	3	1	1	1	0	9
88	3	1	1	2	-1	9
89	1	1	1	1	1	9
90	3	1	1	1	0	9
91	4	0	1	2	-1	9
92	2	0	1	2	0	9
93	2	0	1	2	0	9
94	3	0	0	1	-1	9
95	1	1	1	1	1	9
96	4	1	0	1	-1	9
97	4	0	1	1	0	9
98	1	1	1	1	1	9
99	2	0	1	1	1	9
100	4	0	1	1	0	9
101	1	1	1	1	1	9
102	2	0	1	1	1	9
103	1	1	1	1	1	9
104	3	1	1	1	0	9
105	1	1	1	1	1	9
106	4	0	1	2	-1	9
107	4	0	1	1	0	9
108	3	1	1	1	0	9
109	2	0	1	1	1	9
110	2	0	1	2	0	9
111	3	1	1	1	0	9
112	2	1	0	1	0	9
113	3	0	0	1	-1	9
114	3	1	1	1	0	9
115	1	1	1	1	1	9
116	4	0	1	1	0	9
117	2	1	0	1	0	9
118	3	1	1	1	0	9
119	2	0	1	1	1	9
120	4	0	1	2	-1	9
121	4	0	1	1	0	9
122	2	0	1	1	1	9
123	2	0	1	1	1	9
124	2	0	1	1	1	9
125	1	1	1	1	1	9
126	3	1	1	2	-1	9
127	2	0	1	1	1	9
128	3	1	1	1	0	9
129	1	1	1	1	1	9
130	2	0	1	1	1	9
131	4	0	1	2	-1	9
132	1	1	1	1	1	9
133	1	1	1	1	1	9
134	3	1	1	1	0	9
135	3	1	1	2	-1	9
136	1	1	1	2	0	9
137	3	1	1	1	0	9
138	2	0	1	1	1	9
139	3	1	1	2	-1	9
140	4	0	1	1	0	9
141	4	0	1	1	0	9
142	2	0	1	1	1	9
143	3	1	1	2	-1	9
144	3	0	0	1	-1	9
145	4	0	1	1	0	9
146	2	0	1	2	0	9
147	2	0	1	2	0	9
148	4	1	0	1	-1	9
149	4	0	1	1	0	9
150	3	1	1	2	-1	9
151	2	0	1	1	1	9
152	4	0	1	2	-1	9
153	3	1	1	2	-1	9
154	4	0	1	1	0	9
155	3	0	0	1	-1	9
156	4	0	1	1	0	9
157	1	1	1	1	1	9
158	3	0	0	2	0	9
159	4	0	1	1	0	9
160	4	0	1	1	0	9
161	2	0	1	1	1	9
162	3	0	0	1	-1	9
163	1	1	1	2	0	9
164	1	1	1	1	1	9
165	1	1	1	1	1	9
166	3	0	0	1	-1	9
167	4	0	1	2	-1	9
168	2	0	1	2	0	9
169	3	1	1	1	0	9
170	2	0	1	1	1	9
171	2	0	1	1	1	9
172	2	1	0	1	0	9
173	3	1	1	1	0	9
174	4	0	1	1	0	9
175	1	1	1	1	1	9
176	4	0	1	1	0	9
177	3	1	1	1	0	9
178	3	0	0	1	-1	9
179	1	1	1	1	1	9
180	3	1	1	1	0	9
181	4	0	1	1	0	9
182	3	1	1	1	0	9
183	2	0	1	1	1	9
184	2	0	1	2	0	9
185	4	0	1	1	0	9
186	4	0	1	1	0	9
187	1	1	1	1	1	9
188	1	1	1	1	1	9
189	1	1	1	1	1	9
190	4	0	1	1	0	9
191	2	1	0	1	0	9
192	1	1	1	1	1	9
193	3	1	1	2	-1	9
194	1	1	1	1	1	9
195	4	0	1	1	0	9
196	1	1	1	1	1	9
197	1	1	1	1	1	9
198	4	0	1	1	0	9
199	2	1	0	2	1	9
200	3	0	0	1	-1	9
201	3	0	0	1	-1	9
202	1	1	1	1	1	9
203	2	0	1	1	1	9
204	4	0	1	1	0	9
205	3	1	1	1	0	9
206	4	0	1	1	0	9
207	3	1	1	1	0	9
208	3	1	1	1	0	9
209	3	1	1	1	0	9
210	2	0	1	2	0	9
211	2	0	1	1	1	9
212	3	0	0	1	-1	9
213	3	1	1	1	0	9
214	3	0	0	1	-1	9
215	2	0	1	1	1	9
216	3	1	1	1	0	9
217	3	1	1	1	0	9
218	2	0	1	1	1	9
219	4	0	1	2	-1	9
220	4	1	0	2	0	9
221	4	1	0	1	-1	9
222	2	0	1	1	1	9
223	1	1	1	1	1	9
224	4	0	1	1	0	9
225	4	0	1	1	0	9
226	4	1	0	1	-1	9
227	2	0	1	2	0	9
228	1	0	0	1	0	9
229	1	1	1	1	1	9
230	4	0	1	1	0	9
231	3	1	1	1	0	9
232	4	0	1	1	0	9
233	2	0	1	2	0	9
234	1	1	1	2	0	9
235	4	0	1	1	0	9
236	1	1	1	1	1	9
237	1	1	1	1	1	9
238	4	0	1	1	0	9
239	1	1	1	1	1	9
240	4	0	1	1	0	9
1	4	1	0	1	-1	10
2	3	1	1	2	-1	10
3	3	0	0	1	-1	10
4	3	1	1	2	-1	10
5	2	0	1	2	0	10
6	1	1	1	1	1	10
7	4	0	1	2	-1	10
8	2	1	0	2	1	10
9	1	1	1	1	1	10
10	2	1	0	1	0	10
11	4	0	1	2	-1	10
12	4	1	0	1	-1	10
13	1	0	0	1	0	10
14	1	1	1	1	1	10
15	4	1	0	2	0	10
16	2	1	0	1	0	10
17	4	0	1	2	-1	10
18	1	1	1	2	0	10
19	1	1	1	1	1	10
20	1	1	1	1	1	10
21	1	1	1	1	1	10
22	4	1	0	1	-1	10
23	1	1	1	1	1	10
24	4	1	0	2	0	10
25	4	0	1	1	0	10
26	1	1	1	1	1	10
27	3	1	1	2	-1	10
28	4	0	1	1	0	10
29	3	1	1	1	0	10
30	2	1	0	1	0	10
31	4	1	0	1	-1	10
32	1	1	1	2	0	10
33	4	0	1	1	0	10
34	1	1	1	2	0	10
35	3	1	1	1	0	10
36	4	0	1	1	0	10
37	3	0	0	1	-1	10
38	1	1	1	2	0	10
39	2	1	0	1	0	10
40	2	1	0	1	0	10
41	1	1	1	1	1	10
42	3	1	1	1	0	10
43	1	1	1	1	1	10
44	4	0	1	1	0	10
45	2	1	0	1	0	10
46	2	1	0	1	0	10
47	3	1	1	1	0	10
48	4	0	1	1	0	10
49	3	1	1	1	0	10
50	3	1	1	1	0	10
51	2	1	0	1	0	10
52	3	1	1	1	0	10
53	3	1	1	1	0	10
54	3	1	1	1	0	10
55	2	0	1	1	1	10
56	4	1	0	1	-1	10
57	2	0	1	1	1	10
58	1	1	1	1	1	10
59	2	1	0	1	0	10
60	2	0	1	1	1	10
61	4	0	1	1	0	10
62	1	1	1	1	1	10
63	1	1	1	1	1	10
64	3	1	1	1	0	10
65	3	1	1	1	0	10
66	2	0	1	1	1	10
67	4	0	1	1	0	10
68	1	1	1	1	1	10
69	1	1	1	2	0	10
70	2	0	1	1	1	10
71	4	0	1	1	0	10
72	2	0	1	2	0	10
73	4	0	1	1	0	10
74	1	1	1	1	1	10
75	4	0	1	2	-1	10
76	1	1	1	2	0	10
77	1	1	1	1	1	10
78	2	0	1	1	1	10
79	1	1	1	2	0	10
80	3	1	1	1	0	10
81	4	0	1	1	0	10
82	1	1	1	1	1	10
83	4	0	1	1	0	10
84	4	0	1	1	0	10
85	3	1	1	1	0	10
86	4	0	1	1	0	10
87	1	1	1	1	1	10
88	2	0	1	1	1	10
89	2	1	0	1	0	10
90	2	0	1	1	1	10
91	2	0	1	1	1	10
92	4	0	1	1	0	10
93	3	1	1	1	0	10
94	3	1	1	1	0	10
95	3	1	1	1	0	10
96	4	0	1	1	0	10
97	2	0	1	1	1	10
98	1	1	1	2	0	10
99	3	1	1	2	-1	10
100	1	1	1	1	1	10
101	3	1	1	1	0	10
102	1	1	1	1	1	10
103	4	0	1	1	0	10
104	1	1	1	1	1	10
105	2	0	1	2	0	10
106	4	0	1	1	0	10
107	2	0	1	1	1	10
108	4	0	1	2	-1	10
109	4	0	1	2	-1	10
110	1	1	1	2	0	10
111	1	1	1	1	1	10
112	4	0	1	2	-1	10
113	4	1	0	1	-1	10
114	4	0	1	1	0	10
115	4	1	0	1	-1	10
116	3	1	1	1	0	10
117	2	0	1	2	0	10
118	1	1	1	2	0	10
119	4	0	1	1	0	10
120	3	1	1	1	0	10
121	3	1	1	1	0	10
122	3	1	1	2	-1	10
123	2	0	1	1	1	10
124	2	0	1	1	1	10
125	1	1	1	2	0	10
126	4	0	1	1	0	10
127	3	0	0	1	-1	10
128	4	0	1	1	0	10
129	3	1	1	2	-1	10
130	3	0	0	1	-1	10
131	4	0	1	2	-1	10
132	3	1	1	1	0	10
133	4	1	0	1	-1	10
134	1	1	1	1	1	10
135	3	1	1	1	0	10
136	3	0	0	1	-1	10
137	2	0	1	1	1	10
138	2	0	1	1	1	10
139	2	0	1	2	0	10
140	2	0	1	1	1	10
141	1	1	1	1	1	10
142	2	0	1	2	0	10
143	2	0	1	2	0	10
144	4	0	1	2	-1	10
145	3	0	0	1	-1	10
146	2	0	1	1	1	10
147	2	1	0	2	1	10
148	3	1	1	1	0	10
149	3	1	1	1	0	10
150	1	1	1	1	1	10
151	1	1	1	1	1	10
152	3	1	1	1	0	10
153	3	1	1	1	0	10
154	4	0	1	1	0	10
155	2	0	1	1	1	10
156	1	1	1	2	0	10
157	1	1	1	1	1	10
158	1	1	1	1	1	10
159	4	0	1	2	-1	10
160	2	0	1	1	1	10
161	2	0	1	1	1	10
162	1	1	1	2	0	10
163	2	0	1	1	1	10
164	3	1	1	1	0	10
165	1	1	1	1	1	10
166	4	0	1	1	0	10
167	2	0	1	1	1	10
168	3	1	1	2	-1	10
169	1	1	1	2	0	10
170	4	0	1	2	-1	10
171	1	1	1	1	1	10
172	2	0	1	1	1	10
173	1	1	1	2	0	10
174	4	0	1	1	0	10
175	3	1	1	2	-1	10
176	2	1	0	1	0	10
177	3	1	1	2	-1	10
178	1	1	1	1	1	10
179	1	1	1	1	1	10
180	3	0	0	1	-1	10
181	3	1	1	1	0	10
182	2	0	1	1	1	10
183	3	1	1	1	0	10
184	4	0	1	1	0	10
185	3	1	1	2	-1	10
186	2	0	1	1	1	10
187	2	0	1	1	1	10
188	2	0	1	1	1	10
189	2	0	1	1	1	10
190	3	1	1	2	-1	10
191	3	0	0	1	-1	10
192	4	0	1	1	0	10
193	3	1	1	1	0	10
194	1	1	1	1	1	10
195	4	0	1	1	0	10
196	1	1	1	1	1	10
197	4	0	1	1	0	10
198	2	0	1	1	1	10
199	4	0	1	1	0	10
200	3	1	1	1	0	10
201	4	0	1	2	-1	10
202	2	0	1	1	1	10
203	1	1	1	1	1	10
204	3	1	1	2	-1	10
205	2	0	1	1	1	10
206	2	0	1	1	1	10
207	2	0	1	1	1	10
208	1	1	1	1	1	10
209	1	1	1	1	1	10
210	3	1	1	1	0	10
211	1	1	1	1	1	10
212	4	0	1	1	0	10
213	3	1	1	1	0	10
214	3	1	1	1	0	10
215	2	0	1	1	1	10
216	1	1	1	2	0	10
217	4	1	0	1	-1	10
218	1	1	1	2	0	10
219	1	1	1	1	1	10
220	2	0	1	1	1	10
221	3	0	0	1	-1	10
222	4	0	1	2	-1	10
223	1	1	1	1	1	10
224	3	0	0	1	-1	10
225	3	1	1	2	-1	10
226	4	0	1	1	0	10
227	4	0	1	1	0	10
228	4	0	1	1	0	10
229	2	0	1	1	1	10
230	1	1	1	1	1	10
231	1	1	1	1	1	10
232	2	0	1	1	1	10
233	4	0	1	1	0	10
234	3	1	1	1	0	10
235	3	1	1	1	0	10
236	2	0	1	2	0	10
237	2	0	1	1	1	10
238	2	0	1	1	1	10
239	3	1	1	1	0	10
240	4	0	1	1	0	10
