"trial"	"condition"	"p_gamble"	"risky_Lpayoff"	"risky_Hpayoff"	"safe_Lpayoff"	"safe_Hpayoff"	"risky_color"	"total_presses"	"choice"	"bonus"	"subjID"
1	1	0.8	0.9	38.6	18	19.6	"orange"	1	1	0.25	1
2	1	0.5	1.3	50.8	24.9	25.5	"orange"	1	0	0.25	1
3	1	0.8	1.3	50.8	24.9	25.5	"orange"	1	1	0.25	1
4	3	0.5	0.9	38.6	18	19.6	"orange"	1	1	0.25	1
5	2	0.6	1.3	50.8	24.9	25.5	"orange"	1	1	0.25	1
6	3	0.8	0.9	38.6	18	19.6	"orange"	1	1	0.25	1
7	3	0.7	0.9	38.6	18	19.6	"orange"	1	1	0.25	1
8	0	0.6	1.3	50.8	24.9	25.5	"orange"	1	1	0.25	1
9	1	0.4	1.7	56.8	23.1	33.2	"orange"	1	1	0.25	1
10	1	0.4	0.9	38.6	18	19.6	"orange"	1	0	0.25	1
11	0	0.5	1.3	50.8	24.9	25.5	"orange"	1	1	0.25	1
12	0	0.5	1.7	56.8	23.1	33.2	"orange"	1	1	0.25	1
13	1	0.7	0.9	38.6	18	19.6	"orange"	1	0	0.25	1
14	3	0.5	1.7	56.8	23.1	33.2	"orange"	1	1	0.25	1
15	2	0.5	1.3	50.8	24.9	25.5	"orange"	1	1	0.25	1
16	2	0.4	1.3	50.8	24.9	25.5	"orange"	1	1	0.25	1
17	2	0.6	0.9	38.6	18	19.6	"orange"	1	0	0.25	1
18	1	0.8	1.7	56.8	23.1	33.2	"orange"	1	1	0.25	1
19	0	0.7	1.7	56.8	23.1	33.2	"orange"	1	0	0.25	1
20	0	0.6	1.7	56.8	23.1	33.2	"orange"	1	0	0.25	1
21	3	0.9	1.3	50.8	24.9	25.5	"orange"	1	1	0.25	1
22	1	0.6	0.9	38.6	18	19.6	"orange"	1	0	0.25	1
23	0	0.7	1.3	50.8	24.9	25.5	"orange"	1	0	0.25	1
24	3	0.6	0.9	38.6	18	19.6	"orange"	1	0	0.25	1
25	3	0.4	1.7	56.8	23.1	33.2	"orange"	1	1	0.25	1
26	1	0.5	1.7	56.8	23.1	33.2	"orange"	1	1	0.25	1
27	2	0.5	0.9	38.6	18	19.6	"orange"	1	0	0.25	1
28	1	0.6	1.7	56.8	23.1	33.2	"orange"	1	0	0.25	1
29	1	0.9	0.9	38.6	18	19.6	"orange"	1	0	0.25	1
30	2	0.8	1.7	56.8	23.1	33.2	"orange"	1	0	0.25	1
31	2	0.8	0.9	38.6	18	19.6	"orange"	1	0	0.25	1
32	3	0.6	1.3	50.8	24.9	25.5	"orange"	1	0	0.25	1
33	0	0.8	1.3	50.8	24.9	25.5	"orange"	1	1	0.25	1
34	0	0.7	0.9	38.6	18	19.6	"orange"	1	0	0.25	1
35	0	0.4	0.9	38.6	18	19.6	"orange"	1	0	0.25	1
36	2	0.9	1.3	50.8	24.9	25.5	"orange"	1	0	0.25	1
37	3	0.8	1.7	56.8	23.1	33.2	"orange"	1	0	0.25	1
38	0	0.6	0.9	38.6	18	19.6	"orange"	1	0	0.25	1
39	2	0.6	1.7	56.8	23.1	33.2	"orange"	1	1	0.25	1
40	2	0.4	1.7	56.8	23.1	33.2	"orange"	1	0	0.25	1
41	0	0.4	1.7	56.8	23.1	33.2	"orange"	1	0	0.25	1
42	0	0.9	1.7	56.8	23.1	33.2	"orange"	1	0	0.25	1
43	1	0.5	0.9	38.6	18	19.6	"orange"	1	0	0.25	1
44	1	0.7	1.7	56.8	23.1	33.2	"orange"	1	0	0.25	1
45	3	0.7	1.3	50.8	24.9	25.5	"orange"	1	0	0.25	1
46	0	0.8	0.9	38.6	18	19.6	"orange"	1	0	0.25	1
47	2	0.4	0.9	38.6	18	19.6	"orange"	1	0	0.25	1
48	1	0.9	1.3	50.8	24.9	25.5	"orange"	1	0	0.25	1
49	1	0.4	1.3	50.8	24.9	25.5	"orange"	1	1	0.25	1
50	1	0.6	1.3	50.8	24.9	25.5	"orange"	1	0	0.25	1
51	3	0.5	1.3	50.8	24.9	25.5	"orange"	1	0	0.25	1
52	3	0.4	1.3	50.8	24.9	25.5	"orange"	1	1	0.25	1
53	3	0.4	0.9	38.6	18	19.6	"orange"	1	0	0.25	1
54	0	0.5	0.9	38.6	18	19.6	"orange"	1	1	0.25	1
55	1	0.7	1.3	50.8	24.9	25.5	"orange"	1	0	0.25	1
56	2	0.5	1.7	56.8	23.1	33.2	"orange"	1	0	0.25	1
57	2	0.7	1.7	56.8	23.1	33.2	"orange"	1	0	0.25	1
58	2	0.9	0.9	38.6	18	19.6	"orange"	1	0	0.25	1
59	2	0.9	1.7	56.8	23.1	33.2	"orange"	1	0	0.25	1
60	2	0.7	1.3	50.8	24.9	25.5	"orange"	1	0	0.25	1
61	3	0.9	1.7	56.8	23.1	33.2	"orange"	1	1	0.25	1
62	0	0.9	1.3	50.8	24.9	25.5	"orange"	1	0	0.25	1
63	1	0.9	1.7	56.8	23.1	33.2	"orange"	1	0	0.25	1
64	3	0.8	1.3	50.8	24.9	25.5	"orange"	1	0	0.25	1
65	0	0.4	1.3	50.8	24.9	25.5	"orange"	1	1	0.25	1
66	0	0.9	0.9	38.6	18	19.6	"orange"	1	0	0.25	1
67	3	0.9	0.9	38.6	18	19.6	"orange"	1	0	0.25	1
68	2	0.8	1.3	50.8	24.9	25.5	"orange"	1	0	0.25	1
69	0	0.8	1.7	56.8	23.1	33.2	"orange"	1	0	0.25	1
70	3	0.7	1.7	56.8	23.1	33.2	"orange"	1	1	0.25	1
71	2	0.7	0.9	38.6	18	19.6	"orange"	1	0	0.25	1
72	3	0.6	1.7	56.8	23.1	33.2	"orange"	1	1	0.25	1
1	1	0.7	1.2	51.1	23	24.4	"orange"	1	0	2.68	2
2	1	0.6	1.3	50.8	24.9	25.5	"orange"	1	0	2.68	2
3	3	0.7	1.3	50.8	24.9	25.5	"orange"	1	1	2.68	2
4	1	0.5	1.3	50.8	24.9	25.5	"orange"	1	0	2.68	2
5	1	0.5	1.2	51.1	23	24.4	"orange"	1	0	2.68	2
6	3	0.9	1.3	50.8	24.9	25.5	"orange"	1	1	2.68	2
7	3	0.5	1.7	56.8	23.1	33.2	"orange"	1	1	2.68	2
8	3	0.5	1.3	50.8	24.9	25.5	"orange"	1	1	2.68	2
9	0	0.8	1.3	50.8	24.9	25.5	"orange"	1	1	2.68	2
10	2	0.5	1.7	56.8	23.1	33.2	"orange"	1	0	2.68	2
11	2	0.5	1.3	50.8	24.9	25.5	"orange"	1	1	2.68	2
12	0	0.4	1.2	51.1	23	24.4	"orange"	1	0	2.68	2
13	0	0.5	1.3	50.8	24.9	25.5	"orange"	1	0	2.68	2
14	3	0.8	1.3	50.8	24.9	25.5	"orange"	1	1	2.68	2
15	0	0.9	1.2	51.1	23	24.4	"orange"	1	0	2.68	2
16	1	0.4	1.3	50.8	24.9	25.5	"orange"	1	1	2.68	2
17	0	0.4	1.3	50.8	24.9	25.5	"orange"	1	0	2.68	2
18	2	0.4	1.7	56.8	23.1	33.2	"orange"	1	1	2.68	2
19	0	0.5	1.2	51.1	23	24.4	"orange"	1	0	2.68	2
20	3	0.9	1.2	51.1	23	24.4	"orange"	1	0	2.68	2
21	1	0.8	1.7	56.8	23.1	33.2	"orange"	1	0	2.68	2
22	2	0.8	1.2	51.1	23	24.4	"orange"	1	0	2.68	2
23	1	0.6	1.2	51.1	23	24.4	"orange"	1	1	2.68	2
24	0	0.6	1.7	56.8	23.1	33.2	"orange"	1	0	2.68	2
25	0	0.7	1.2	51.1	23	24.4	"orange"	1	1	2.68	2
26	0	0.4	1.7	56.8	23.1	33.2	"orange"	1	1	2.68	2
27	2	0.6	1.2	51.1	23	24.4	"orange"	1	0	2.68	2
28	1	0.4	1.7	56.8	23.1	33.2	"orange"	1	0	2.68	2
29	3	0.4	1.7	56.8	23.1	33.2	"orange"	1	1	2.68	2
30	3	0.4	1.2	51.1	23	24.4	"orange"	1	1	2.68	2
31	0	0.8	1.7	56.8	23.1	33.2	"orange"	1	0	2.68	2
32	1	0.9	1.3	50.8	24.9	25.5	"orange"	1	0	2.68	2
33	2	0.8	1.3	50.8	24.9	25.5	"orange"	1	0	2.68	2
34	1	0.8	1.2	51.1	23	24.4	"orange"	1	0	2.68	2
35	2	0.7	1.3	50.8	24.9	25.5	"orange"	1	1	2.68	2
36	1	0.7	1.7	56.8	23.1	33.2	"orange"	1	0	2.68	2
37	3	0.9	1.7	56.8	23.1	33.2	"orange"	1	1	2.68	2
38	2	0.7	1.7	56.8	23.1	33.2	"orange"	1	0	2.68	2
39	0	0.8	1.2	51.1	23	24.4	"orange"	1	0	2.68	2
40	1	0.6	1.7	56.8	23.1	33.2	"orange"	1	0	2.68	2
41	0	0.5	1.7	56.8	23.1	33.2	"orange"	1	0	2.68	2
42	1	0.4	1.2	51.1	23	24.4	"orange"	1	0	2.68	2
43	0	0.9	1.3	50.8	24.9	25.5	"orange"	1	1	2.68	2
44	2	0.8	1.7	56.8	23.1	33.2	"orange"	1	0	2.68	2
45	3	0.7	1.2	51.1	23	24.4	"orange"	1	1	2.68	2
46	1	0.9	1.7	56.8	23.1	33.2	"orange"	1	0	2.68	2
47	3	0.6	1.2	51.1	23	24.4	"orange"	1	1	2.68	2
48	0	0.6	1.3	50.8	24.9	25.5	"orange"	1	1	2.68	2
49	2	0.5	1.2	51.1	23	24.4	"orange"	1	0	2.68	2
50	1	0.5	1.7	56.8	23.1	33.2	"orange"	1	0	2.68	2
51	3	0.4	1.3	50.8	24.9	25.5	"orange"	1	1	2.68	2
52	2	0.6	1.3	50.8	24.9	25.5	"orange"	1	0	2.68	2
53	1	0.8	1.3	50.8	24.9	25.5	"orange"	1	0	2.68	2
54	2	0.6	1.7	56.8	23.1	33.2	"orange"	1	0	2.68	2
55	2	0.7	1.2	51.1	23	24.4	"orange"	1	0	2.68	2
56	3	0.6	1.3	50.8	24.9	25.5	"orange"	1	1	2.68	2
57	2	0.9	1.2	51.1	23	24.4	"orange"	1	1	2.68	2
58	2	0.9	1.7	56.8	23.1	33.2	"orange"	1	1	2.68	2
59	1	0.9	1.2	51.1	23	24.4	"orange"	1	0	2.68	2
60	2	0.4	1.3	50.8	24.9	25.5	"orange"	1	1	2.68	2
61	3	0.8	1.2	51.1	23	24.4	"orange"	1	1	2.68	2
62	0	0.9	1.7	56.8	23.1	33.2	"orange"	1	1	2.68	2
63	0	0.7	1.7	56.8	23.1	33.2	"orange"	1	1	2.68	2
64	3	0.8	1.7	56.8	23.1	33.2	"orange"	1	1	2.68	2
65	2	0.9	1.3	50.8	24.9	25.5	"orange"	1	1	2.68	2
66	3	0.7	1.7	56.8	23.1	33.2	"orange"	1	1	2.68	2
67	0	0.7	1.3	50.8	24.9	25.5	"orange"	1	1	2.68	2
68	2	0.4	1.2	51.1	23	24.4	"orange"	1	0	2.68	2
69	0	0.6	1.2	51.1	23	24.4	"orange"	1	1	2.68	2
70	1	0.7	1.3	50.8	24.9	25.5	"orange"	1	0	2.68	2
71	3	0.5	1.2	51.1	23	24.4	"orange"	1	1	2.68	2
72	3	0.6	1.7	56.8	23.1	33.2	"orange"	1	1	2.68	2
1	0	0.8	1.2	51.1	23	24.4	"orange"	2	0	0.25	3
2	1	0.5	1.7	56.8	23.1	33.2	"orange"	1	0	0.25	3
3	1	0.4	1.3	50.8	24.9	25.5	"orange"	1	1	0.25	3
4	2	0.6	1.3	50.8	24.9	25.5	"orange"	1	1	0.25	3
5	3	0.8	1.7	56.8	23.1	33.2	"orange"	1	1	0.25	3
6	0	0.9	1.2	51.1	23	24.4	"orange"	1	1	0.25	3
7	3	0.6	1.2	51.1	23	24.4	"orange"	1	1	0.25	3
8	0	0.5	1.2	51.1	23	24.4	"orange"	1	0	0.25	3
9	2	0.8	1.3	50.8	24.9	25.5	"orange"	1	1	0.25	3
10	0	0.6	1.3	50.8	24.9	25.5	"orange"	1	0	0.25	3
11	2	0.8	1.2	51.1	23	24.4	"orange"	1	1	0.25	3
12	2	0.9	1.3	50.8	24.9	25.5	"orange"	1	1	0.25	3
13	1	0.8	1.2	51.1	23	24.4	"orange"	1	1	0.25	3
14	0	0.9	1.3	50.8	24.9	25.5	"orange"	1	1	0.25	3
15	2	0.8	1.7	56.8	23.1	33.2	"orange"	1	1	0.25	3
16	1	0.8	1.7	56.8	23.1	33.2	"orange"	1	0	0.25	3
17	3	0.4	1.3	50.8	24.9	25.5	"orange"	1	1	0.25	3
18	1	0.5	1.3	50.8	24.9	25.5	"orange"	1	0	0.25	3
19	0	0.4	1.3	50.8	24.9	25.5	"orange"	1	0	0.25	3
20	3	0.7	1.2	51.1	23	24.4	"orange"	1	1	0.25	3
21	3	0.8	1.3	50.8	24.9	25.5	"orange"	1	1	0.25	3
22	2	0.7	1.3	50.8	24.9	25.5	"orange"	1	1	0.25	3
23	3	0.6	1.3	50.8	24.9	25.5	"orange"	1	1	0.25	3
24	0	0.8	1.7	56.8	23.1	33.2	"orange"	1	1	0.25	3
25	2	0.6	1.2	51.1	23	24.4	"orange"	1	1	0.25	3
26	2	0.4	1.7	56.8	23.1	33.2	"orange"	1	0	0.25	3
27	1	0.6	1.7	56.8	23.1	33.2	"orange"	1	1	0.25	3
28	2	0.7	1.7	56.8	23.1	33.2	"orange"	1	1	0.25	3
29	0	0.6	1.2	51.1	23	24.4	"orange"	2	1	0.25	3
30	3	0.5	1.7	56.8	23.1	33.2	"orange"	1	1	0.25	3
31	1	0.9	1.7	56.8	23.1	33.2	"orange"	1	0	0.25	3
32	2	0.9	1.2	51.1	23	24.4	"orange"	1	0	0.25	3
33	0	0.4	1.2	51.1	23	24.4	"orange"	1	0	0.25	3
34	2	0.5	1.3	50.8	24.9	25.5	"orange"	1	1	0.25	3
35	1	0.4	1.7	56.8	23.1	33.2	"orange"	1	0	0.25	3
36	3	0.9	1.2	51.1	23	24.4	"orange"	1	1	0.25	3
37	2	0.5	1.2	51.1	23	24.4	"orange"	1	0	0.25	3
38	2	0.9	1.7	56.8	23.1	33.2	"orange"	1	1	0.25	3
39	0	0.8	1.3	50.8	24.9	25.5	"orange"	1	1	0.25	3
40	1	0.8	1.3	50.8	24.9	25.5	"orange"	1	1	0.25	3
41	3	0.5	1.2	51.1	23	24.4	"orange"	1	0	0.25	3
42	0	0.6	1.7	56.8	23.1	33.2	"orange"	1	1	0.25	3
43	0	0.5	1.7	56.8	23.1	33.2	"orange"	1	0	0.25	3
44	3	0.5	1.3	50.8	24.9	25.5	"orange"	1	1	0.25	3
45	3	0.7	1.3	50.8	24.9	25.5	"orange"	1	1	0.25	3
46	2	0.5	1.7	56.8	23.1	33.2	"orange"	1	1	0.25	3
47	0	0.4	1.7	56.8	23.1	33.2	"orange"	1	0	0.25	3
48	3	0.8	1.2	51.1	23	24.4	"orange"	1	1	0.25	3
49	1	0.6	1.2	51.1	23	24.4	"orange"	1	1	0.25	3
50	1	0.7	1.2	51.1	23	24.4	"orange"	1	1	0.25	3
51	1	0.5	1.2	51.1	23	24.4	"orange"	1	0	0.25	3
52	3	0.9	1.7	56.8	23.1	33.2	"orange"	1	1	0.25	3
53	1	0.6	1.3	50.8	24.9	25.5	"orange"	1	0	0.25	3
54	1	0.9	1.3	50.8	24.9	25.5	"orange"	1	1	0.25	3
55	1	0.9	1.2	51.1	23	24.4	"orange"	1	1	0.25	3
56	3	0.4	1.7	56.8	23.1	33.2	"orange"	1	0	0.25	3
57	2	0.6	1.7	56.8	23.1	33.2	"orange"	1	1	0.25	3
58	2	0.4	1.2	51.1	23	24.4	"orange"	1	0	0.25	3
59	0	0.5	1.3	50.8	24.9	25.5	"orange"	1	0	0.25	3
60	2	0.7	1.2	51.1	23	24.4	"orange"	1	1	0.25	3
61	1	0.4	1.2	51.1	23	24.4	"orange"	1	0	0.25	3
62	1	0.7	1.7	56.8	23.1	33.2	"orange"	1	1	0.25	3
63	0	0.7	1.3	50.8	24.9	25.5	"orange"	1	1	0.25	3
64	2	0.4	1.3	50.8	24.9	25.5	"orange"	1	0	0.25	3
65	3	0.6	1.7	56.8	23.1	33.2	"orange"	1	1	0.25	3
66	0	0.7	1.7	56.8	23.1	33.2	"orange"	1	1	0.25	3
67	0	0.9	1.7	56.8	23.1	33.2	"orange"	1	1	0.25	3
68	1	0.7	1.3	50.8	24.9	25.5	"orange"	1	0	0.25	3
69	3	0.4	1.2	51.1	23	24.4	"orange"	1	0	0.25	3
70	0	0.7	1.2	51.1	23	24.4	"orange"	1	1	0.25	3
71	3	0.7	1.7	56.8	23.1	33.2	"orange"	1	1	0.25	3
72	3	0.9	1.3	50.8	24.9	25.5	"orange"	1	1	0.25	3
1	1	0.8	0.9	38.6	18	19.6	"orange"	1	1	0.25	4
2	1	0.5	1.3	50.8	24.9	25.5	"orange"	1	0	0.25	4
3	1	0.8	1.3	50.8	24.9	25.5	"orange"	1	1	0.25	4
4	3	0.5	0.9	38.6	18	19.6	"orange"	1	1	0.25	4
5	2	0.6	1.3	50.8	24.9	25.5	"orange"	1	1	0.25	4
6	3	0.8	0.9	38.6	18	19.6	"orange"	1	1	0.25	4
7	3	0.7	0.9	38.6	18	19.6	"orange"	1	1	0.25	4
8	0	0.6	1.3	50.8	24.9	25.5	"orange"	1	1	0.25	4
9	1	0.4	1.7	56.8	23.1	33.2	"orange"	1	1	0.25	4
10	1	0.4	0.9	38.6	18	19.6	"orange"	1	0	0.25	4
11	0	0.5	1.3	50.8	24.9	25.5	"orange"	1	1	0.25	4
12	0	0.5	1.7	56.8	23.1	33.2	"orange"	1	1	0.25	4
13	1	0.7	0.9	38.6	18	19.6	"orange"	1	0	0.25	4
14	3	0.5	1.7	56.8	23.1	33.2	"orange"	1	1	0.25	4
15	2	0.5	1.3	50.8	24.9	25.5	"orange"	1	1	0.25	4
16	2	0.4	1.3	50.8	24.9	25.5	"orange"	1	1	0.25	4
17	2	0.6	0.9	38.6	18	19.6	"orange"	1	0	0.25	4
18	1	0.8	1.7	56.8	23.1	33.2	"orange"	1	1	0.25	4
19	0	0.7	1.7	56.8	23.1	33.2	"orange"	1	0	0.25	4
20	0	0.6	1.7	56.8	23.1	33.2	"orange"	1	0	0.25	4
21	3	0.9	1.3	50.8	24.9	25.5	"orange"	1	1	0.25	4
22	1	0.6	0.9	38.6	18	19.6	"orange"	1	0	0.25	4
23	0	0.7	1.3	50.8	24.9	25.5	"orange"	1	0	0.25	4
24	3	0.6	0.9	38.6	18	19.6	"orange"	1	0	0.25	4
25	3	0.4	1.7	56.8	23.1	33.2	"orange"	1	1	0.25	4
26	1	0.5	1.7	56.8	23.1	33.2	"orange"	1	1	0.25	4
27	2	0.5	0.9	38.6	18	19.6	"orange"	1	0	0.25	4
28	1	0.6	1.7	56.8	23.1	33.2	"orange"	1	0	0.25	4
29	1	0.9	0.9	38.6	18	19.6	"orange"	1	0	0.25	4
30	2	0.8	1.7	56.8	23.1	33.2	"orange"	1	0	0.25	4
31	2	0.8	0.9	38.6	18	19.6	"orange"	1	0	0.25	4
32	3	0.6	1.3	50.8	24.9	25.5	"orange"	1	0	0.25	4
33	0	0.8	1.3	50.8	24.9	25.5	"orange"	1	1	0.25	4
34	0	0.7	0.9	38.6	18	19.6	"orange"	1	0	0.25	4
35	0	0.4	0.9	38.6	18	19.6	"orange"	1	0	0.25	4
36	2	0.9	1.3	50.8	24.9	25.5	"orange"	1	0	0.25	4
37	3	0.8	1.7	56.8	23.1	33.2	"orange"	1	0	0.25	4
38	0	0.6	0.9	38.6	18	19.6	"orange"	1	0	0.25	4
39	2	0.6	1.7	56.8	23.1	33.2	"orange"	1	1	0.25	4
40	2	0.4	1.7	56.8	23.1	33.2	"orange"	1	0	0.25	4
41	0	0.4	1.7	56.8	23.1	33.2	"orange"	1	0	0.25	4
42	0	0.9	1.7	56.8	23.1	33.2	"orange"	1	0	0.25	4
43	1	0.5	0.9	38.6	18	19.6	"orange"	1	0	0.25	4
44	1	0.7	1.7	56.8	23.1	33.2	"orange"	1	0	0.25	4
45	3	0.7	1.3	50.8	24.9	25.5	"orange"	1	0	0.25	4
46	0	0.8	0.9	38.6	18	19.6	"orange"	1	0	0.25	4
47	2	0.4	0.9	38.6	18	19.6	"orange"	1	0	0.25	4
48	1	0.9	1.3	50.8	24.9	25.5	"orange"	1	0	0.25	4
49	1	0.4	1.3	50.8	24.9	25.5	"orange"	1	1	0.25	4
50	1	0.6	1.3	50.8	24.9	25.5	"orange"	1	0	0.25	4
51	3	0.5	1.3	50.8	24.9	25.5	"orange"	1	0	0.25	4
52	3	0.4	1.3	50.8	24.9	25.5	"orange"	1	1	0.25	4
53	3	0.4	0.9	38.6	18	19.6	"orange"	1	0	0.25	4
54	0	0.5	0.9	38.6	18	19.6	"orange"	1	1	0.25	4
55	1	0.7	1.3	50.8	24.9	25.5	"orange"	1	0	0.25	4
56	2	0.5	1.7	56.8	23.1	33.2	"orange"	1	0	0.25	4
57	2	0.7	1.7	56.8	23.1	33.2	"orange"	1	0	0.25	4
58	2	0.9	0.9	38.6	18	19.6	"orange"	1	0	0.25	4
59	2	0.9	1.7	56.8	23.1	33.2	"orange"	1	0	0.25	4
60	2	0.7	1.3	50.8	24.9	25.5	"orange"	1	0	0.25	4
61	3	0.9	1.7	56.8	23.1	33.2	"orange"	1	1	0.25	4
62	0	0.9	1.3	50.8	24.9	25.5	"orange"	1	0	0.25	4
63	1	0.9	1.7	56.8	23.1	33.2	"orange"	1	0	0.25	4
64	3	0.8	1.3	50.8	24.9	25.5	"orange"	1	0	0.25	4
65	0	0.4	1.3	50.8	24.9	25.5	"orange"	1	1	0.25	4
66	0	0.9	0.9	38.6	18	19.6	"orange"	1	0	0.25	4
67	3	0.9	0.9	38.6	18	19.6	"orange"	1	0	0.25	4
68	2	0.8	1.3	50.8	24.9	25.5	"orange"	1	0	0.25	4
69	0	0.8	1.7	56.8	23.1	33.2	"orange"	1	0	0.25	4
70	3	0.7	1.7	56.8	23.1	33.2	"orange"	1	1	0.25	4
71	2	0.7	0.9	38.6	18	19.6	"orange"	1	0	0.25	4
72	3	0.6	1.7	56.8	23.1	33.2	"orange"	1	1	0.25	4
1	1	0.5	1.6	55.5	26.6	28.3	"darkcyan"	1	0	0.25	5
2	1	0.6	1.3	50.8	24.9	25.5	"darkcyan"	1	0	0.25	5
3	1	0.7	1.6	55.5	26.6	28.3	"darkcyan"	1	1	0.25	5
4	1	0.9	1.6	55.5	26.6	28.3	"darkcyan"	1	1	0.25	5
5	2	0.7	1.3	50.8	24.9	25.5	"darkcyan"	1	1	0.25	5
6	1	0.4	1.2	51.1	23	24.4	"darkcyan"	1	0	0.25	5
7	3	0.5	1.2	51.1	23	24.4	"darkcyan"	1	0	0.25	5
8	0	0.9	1.3	50.8	24.9	25.5	"darkcyan"	1	1	0.25	5
9	2	0.8	1.2	51.1	23	24.4	"darkcyan"	1	1	0.25	5
10	3	0.7	1.6	55.5	26.6	28.3	"darkcyan"	1	1	0.25	5
11	2	0.6	1.6	55.5	26.6	28.3	"darkcyan"	1	0	0.25	5
12	0	0.5	1.6	55.5	26.6	28.3	"darkcyan"	1	0	0.25	5
13	1	0.9	1.3	50.8	24.9	25.5	"darkcyan"	1	1	0.25	5
14	3	0.8	1.2	51.1	23	24.4	"darkcyan"	1	1	0.25	5
15	2	0.7	1.2	51.1	23	24.4	"darkcyan"	1	1	0.25	5
16	2	0.9	1.2	51.1	23	24.4	"darkcyan"	1	1	0.25	5
17	2	0.8	1.6	55.5	26.6	28.3	"darkcyan"	1	1	0.25	5
18	0	0.7	1.2	51.1	23	24.4	"darkcyan"	1	0	0.25	5
19	0	0.6	1.6	55.5	26.6	28.3	"darkcyan"	1	0	0.25	5
20	2	0.6	1.2	51.1	23	24.4	"darkcyan"	1	0	0.25	5
21	2	0.4	1.6	55.5	26.6	28.3	"darkcyan"	1	0	0.25	5
22	1	0.7	1.3	50.8	24.9	25.5	"darkcyan"	1	0	0.25	5
23	2	0.5	1.6	55.5	26.6	28.3	"darkcyan"	1	0	0.25	5
24	0	0.4	1.6	55.5	26.6	28.3	"darkcyan"	1	0	0.25	5
25	1	0.8	1.3	50.8	24.9	25.5	"darkcyan"	1	1	0.25	5
26	3	0.4	1.2	51.1	23	24.4	"darkcyan"	1	0	0.25	5
27	0	0.9	1.2	51.1	23	24.4	"darkcyan"	1	1	0.25	5
28	1	0.6	1.6	55.5	26.6	28.3	"darkcyan"	2	0	0.25	5
29	3	0.9	1.6	55.5	26.6	28.3	"darkcyan"	1	1	0.25	5
30	0	0.8	1.2	51.1	23	24.4	"darkcyan"	1	1	0.25	5
31	0	0.8	1.6	55.5	26.6	28.3	"darkcyan"	1	1	0.25	5
32	1	0.5	1.3	50.8	24.9	25.5	"darkcyan"	1	0	0.25	5
33	1	0.8	1.6	55.5	26.6	28.3	"darkcyan"	1	1	0.25	5
34	0	0.9	1.6	55.5	26.6	28.3	"darkcyan"	1	1	0.25	5
35	2	0.4	1.3	50.8	24.9	25.5	"darkcyan"	1	0	0.25	5
36	3	0.5	1.6	55.5	26.6	28.3	"darkcyan"	1	0	0.25	5
37	3	0.6	1.6	55.5	26.6	28.3	"darkcyan"	1	0	0.25	5
38	3	0.8	1.6	55.5	26.6	28.3	"darkcyan"	1	1	0.25	5
39	3	0.6	1.3	50.8	24.9	25.5	"darkcyan"	1	0	0.25	5
40	3	0.8	1.3	50.8	24.9	25.5	"darkcyan"	1	1	0.25	5
41	1	0.6	1.2	51.1	23	24.4	"darkcyan"	1	0	0.25	5
42	2	0.9	1.3	50.8	24.9	25.5	"darkcyan"	1	1	0.25	5
43	1	0.9	1.2	51.1	23	24.4	"darkcyan"	1	1	0.25	5
44	3	0.4	1.3	50.8	24.9	25.5	"darkcyan"	1	0	0.25	5
45	3	0.7	1.3	50.8	24.9	25.5	"darkcyan"	1	0	0.25	5
46	0	0.6	1.3	50.8	24.9	25.5	"darkcyan"	1	0	0.25	5
47	1	0.5	1.2	51.1	23	24.4	"darkcyan"	1	0	0.25	5
48	2	0.9	1.6	55.5	26.6	28.3	"darkcyan"	1	1	0.25	5
49	2	0.4	1.2	51.1	23	24.4	"darkcyan"	1	0	0.25	5
50	0	0.4	1.3	50.8	24.9	25.5	"darkcyan"	1	0	0.25	5
51	2	0.7	1.6	55.5	26.6	28.3	"darkcyan"	1	1	0.25	5
52	3	0.6	1.2	51.1	23	24.4	"darkcyan"	1	0	0.25	5
53	0	0.6	1.2	51.1	23	24.4	"darkcyan"	1	0	0.25	5
54	1	0.4	1.3	50.8	24.9	25.5	"darkcyan"	1	0	0.25	5
55	0	0.7	1.3	50.8	24.9	25.5	"darkcyan"	1	1	0.25	5
56	2	0.6	1.3	50.8	24.9	25.5	"darkcyan"	1	0	0.25	5
57	3	0.5	1.3	50.8	24.9	25.5	"darkcyan"	1	0	0.25	5
58	3	0.9	1.3	50.8	24.9	25.5	"darkcyan"	1	1	0.25	5
59	2	0.5	1.3	50.8	24.9	25.5	"darkcyan"	1	0	0.25	5
60	0	0.5	1.2	51.1	23	24.4	"darkcyan"	1	0	0.25	5
61	2	0.8	1.3	50.8	24.9	25.5	"darkcyan"	1	1	0.25	5
62	0	0.8	1.3	50.8	24.9	25.5	"darkcyan"	1	1	0.25	5
63	0	0.4	1.2	51.1	23	24.4	"darkcyan"	1	0	0.25	5
64	0	0.7	1.6	55.5	26.6	28.3	"darkcyan"	1	1	0.25	5
65	3	0.7	1.2	51.1	23	24.4	"darkcyan"	1	1	0.25	5
66	3	0.4	1.6	55.5	26.6	28.3	"darkcyan"	1	0	0.25	5
67	1	0.4	1.6	55.5	26.6	28.3	"darkcyan"	1	0	0.25	5
68	2	0.5	1.2	51.1	23	24.4	"darkcyan"	1	0	0.25	5
69	0	0.5	1.3	50.8	24.9	25.5	"darkcyan"	1	0	0.25	5
70	3	0.9	1.2	51.1	23	24.4	"darkcyan"	1	1	0.25	5
71	1	0.7	1.2	51.1	23	24.4	"darkcyan"	1	1	0.25	5
72	1	0.8	1.2	51.1	23	24.4	"darkcyan"	1	1	0.25	5
