subjID	trial	level1_choice	level2_choice	reward	A1prob	A2prob	B1prob	B2prob
1	2	1	4	1	0.73174	0.44094	0.28525	0.42124
1	3	1	1	1	0.72582	0.3864	0.30663	0.39319
1	4	2	1	1	0.7296	0.41459	0.30549	0.34948
1	5	1	3	0	0.77339	0.40618	0.31232	0.3926
1	6	1	1	1	0.75457	0.45989	0.30146	0.39908
1	7	1	1	1	0.799	0.47671	0.30695	0.4193
1	8	1	3	1	0.8	0.4705	0.28921	0.43012
1	9	1	4	1	0.8	0.4414	0.32746	0.40748
1	10	2	4	0	0.79121	0.44951	0.34192	0.4238
1	11	2	1	0	0.8	0.45063	0.30527	0.41502
1	12	1	3	0	0.8	0.46023	0.30255	0.43582
1	13	1	2	0	0.7713	0.45539	0.3145	0.41748
1	14	2	1	1	0.77967	0.46743	0.33255	0.41147
1	15	2	4	1	0.8	0.44997	0.33142	0.43247
1	16	1	1	1	0.8	0.46545	0.38953	0.40187
1	17	2	4	0	0.78989	0.43383	0.44462	0.39286
1	18	1	1	1	0.8	0.45304	0.45707	0.41177
1	19	1	1	1	0.8	0.46451	0.4644	0.35639
1	20	1	1	1	0.8	0.46125	0.49334	0.33543
1	21	1	1	0	0.8	0.49285	0.47484	0.36058
1	22	1	4	0	0.8	0.49623	0.48841	0.34768
1	23	2	3	1	0.77469	0.54065	0.50539	0.32396
1	24	2	2	1	0.77481	0.58668	0.50524	0.32207
1	25	2	3	1	0.78178	0.62035	0.46226	0.32988
1	26	2	3	1	0.7996	0.59698	0.5076	0.37398
1	27	2	3	0	0.8	0.61101	0.51855	0.37097
1	28	2	4	0	0.8	0.57941	0.49362	0.33811
1	29	1	1	1	0.75907	0.58061	0.49262	0.34061
1	30	1	1	1	0.78157	0.60034	0.47932	0.32465
1	31	1	4	1	0.73941	0.57595	0.41336	0.31351
1	32	1	1	1	0.78407	0.57293	0.40238	0.31508
1	33	1	1	1	0.7673	0.55497	0.44794	0.32404
1	34	1	1	1	0.74815	0.57301	0.45619	0.30755
1	35	1	1	1	0.76077	0.55076	0.45351	0.23356
1	36	1	1	0	0.78983	0.53785	0.45	0.2218
1	37	1	4	0	0.79931	0.53644	0.43941	0.25251
1	38	1	2	0	0.78409	0.52744	0.44277	0.25328
1	39	2	3	0	0.79235	0.54545	0.42458	0.28172
1	40	2	4	1	0.7884	0.53537	0.40774	0.30555
1	41	2	4	0	0.8	0.5217	0.44137	0.30486
1	42	1	3	0	0.7987	0.53313	0.44258	0.29581
1	43	1	1	0	0.75319	0.5575	0.46962	0.29889
1	44	1	2	0	0.75826	0.57211	0.49623	0.34481
1	45	2	4	0	0.8	0.59358	0.50784	0.33974
1	46	1	2	1	0.8	0.58261	0.49178	0.31495
1	47	1	2	0	0.76387	0.51143	0.50769	0.34591
1	48	1	3	1	0.7373	0.55849	0.4958	0.34391
1	49	2	3	1	0.71163	0.55437	0.50188	0.37737
1	50	2	3	1	0.7274	0.55684	0.49608	0.42051
1	51	2	3	1	0.74133	0.51026	0.50806	0.39224
1	52	2	3	0	0.78899	0.52159	0.53676	0.39005
1	53	2	4	0	0.8	0.5142	0.57107	0.33701
1	54	1	3	1	0.8	0.55215	0.56694	0.31545
1	55	1	2	1	0.8	0.53609	0.53305	0.30683
1	56	1	1	1	0.8	0.51736	0.51624	0.29661
1	57	1	1	1	0.8	0.55649	0.57046	0.30073
1	58	1	4	0	0.77863	0.54926	0.57542	0.31415
1	59	1	3	0	0.78765	0.57095	0.5805	0.28316
1	60	1	1	0	0.7736	0.54228	0.58221	0.23798
1	61	1	2	0	0.8	0.55273	0.52453	0.2241
1	62	2	2	1	0.77377	0.54429	0.52093	0.24853
1	63	1	2	1	0.8	0.53118	0.48452	0.22815
1	64	1	3	0	0.8	0.5621	0.5142	0.24439
1	65	1	3	0	0.8	0.58121	0.52545	0.24843
1	66	1	2	1	0.8	0.59505	0.53803	0.23704
1	67	2	4	0	0.8	0.61952	0.54213	0.20897
1	68	1	2	1	0.8	0.5983	0.5531	0.24432
1	69	1	2	1	0.78218	0.65305	0.57632	0.26855
1	70	1	2	1	0.74435	0.68187	0.58155	0.30696
1	71	1	2	1	0.75476	0.68078	0.57166	0.31697
1	72	1	2	0	0.7518	0.67198	0.59557	0.30499
1	73	1	1	1	0.77418	0.6968	0.58319	0.32965
1	74	1	1	1	0.74976	0.71575	0.64715	0.2999
1	75	1	4	1	0.76123	0.70332	0.63275	0.30766
1	76	2	4	0	0.75946	0.70432	0.61657	0.30659
1	77	2	1	1	0.8	0.69223	0.64135	0.32633
1	78	1	1	1	0.8	0.67848	0.62949	0.29921
1	79	1	1	0	0.76968	0.66689	0.64594	0.31559
1	80	1	4	0	0.767	0.66963	0.62129	0.32788
1	81	2	3	1	0.75012	0.63656	0.60248	0.34237
1	82	2	3	1	0.7351	0.68337	0.63189	0.30771
1	83	2	3	1	0.74526	0.67142	0.6594	0.30594
1	84	2	1	1	0.76226	0.68819	0.6318	0.27628
1	85	1	1	1	0.7758	0.73023	0.58491	0.29002
1	86	1	1	1	0.77074	0.74821	0.58291	0.28925
1	87	1	1	1	0.77089	0.79434	0.57504	0.32894
1	88	1	1	1	0.74567	0.8	0.55285	0.30923
1	89	1	1	1	0.7727	0.8	0.59163	0.31176
1	90	1	1	1	0.79157	0.8	0.5741	0.33049
1	91	1	1	1	0.8	0.8	0.56745	0.33548
1	92	1	3	0	0.8	0.77512	0.59173	0.36604
1	93	1	1	0	0.77964	0.77689	0.65552	0.29529
1	94	1	4	0	0.72323	0.77346	0.68053	0.28964
1	95	1	4	0	0.7587	0.79182	0.68303	0.28661
1	96	1	2	1	0.76904	0.78153	0.69918	0.25219
1	97	1	2	1	0.77612	0.8	0.7122	0.27558
1	98	1	4	1	0.79077	0.79734	0.71788	0.28339
1	99	2	4	1	0.76885	0.778	0.73227	0.29194
1	100	2	2	0	0.72235	0.76099	0.72207	0.28469
1	101	2	1	1	0.75343	0.75863	0.68128	0.29834
1	102	1	1	1	0.77836	0.75896	0.6992	0.29074
1	103	1	1	0	0.76782	0.74809	0.67502	0.27929
1	104	2	4	0	0.76299	0.79317	0.66158	0.31297
1	105	2	3	1	0.76924	0.8	0.64813	0.30434
1	106	2	1	0	0.79236	0.76987	0.63234	0.29248
1	107	2	3	0	0.76225	0.74234	0.62737	0.34844
1	108	1	2	1	0.75963	0.71965	0.63631	0.31392
1	109	1	2	0	0.78157	0.65906	0.63594	0.29344
1	110	1	4	0	0.8	0.6691	0.63189	0.33999
1	111	2	3	1	0.76426	0.64471	0.60207	0.27577
1	112	2	2	1	0.74667	0.66462	0.62046	0.26335
1	113	1	3	1	0.78458	0.63884	0.64195	0.27218
1	114	2	3	0	0.79243	0.63824	0.63688	0.27592
1	115	1	2	1	0.79322	0.65028	0.62034	0.25584
1	116	1	4	1	0.79914	0.66745	0.60886	0.25548
1	117	2	3	1	0.79739	0.61932	0.61802	0.28086
1	118	2	4	0	0.79022	0.61075	0.61969	0.26407
1	119	2	3	1	0.8	0.62074	0.62673	0.27659
1	120	2	1	1	0.8	0.62032	0.57944	0.28841
1	121	1	4	1	0.79253	0.61165	0.555	0.26186
1	122	2	4	0	0.8	0.62946	0.54182	0.25526
1	123	1	3	1	0.79597	0.60834	0.5357	0.2
1	124	2	3	0	0.78078	0.60309	0.55323	0.22367
1	125	1	1	1	0.78059	0.59006	0.5389	0.20545
1	126	1	1	1	0.7415	0.5477	0.53843	0.2
1	127	1	1	1	0.72498	0.55081	0.54774	0.2
1	128	1	3	0	0.7273	0.53482	0.54397	0.23411
1	129	1	1	1	0.6983	0.53396	0.57112	0.26527
1	130	1	3	0	0.67184	0.55217	0.54923	0.26093
1	131	1	1	1	0.64299	0.4833	0.56131	0.27607
1	132	1	4	0	0.64678	0.48409	0.55659	0.26744
1	133	1	1	1	0.66958	0.48672	0.55672	0.28704
1	134	1	4	0	0.71353	0.43812	0.54296	0.26765
1	135	1	1	1	0.72913	0.45831	0.55595	0.26157
1	136	1	3	1	0.71214	0.40894	0.57912	0.27759
1	137	2	3	1	0.72246	0.3716	0.5666	0.25731
1	138	2	3	0	0.70016	0.33562	0.53811	0.26686
1	139	1	1	0	0.68348	0.29021	0.5032	0.2907
1	141	1	2	1	0.70413	0.24533	0.53268	0.31855
1	142	1	2	0	0.74585	0.23758	0.54789	0.32516
1	143	2	3	0	0.75878	0.20683	0.54172	0.32643
1	144	1	1	1	0.75508	0.2	0.54123	0.33066
1	145	1	1	1	0.75405	0.2	0.50283	0.33762
1	146	1	4	0	0.72616	0.21818	0.51489	0.34734
1	147	1	1	1	0.72165	0.2146	0.52902	0.33863
1	148	1	1	1	0.76338	0.22901	0.53995	0.32508
1	149	1	3	0	0.8	0.24977	0.55147	0.34688
1	150	1	4	1	0.8	0.22491	0.55515	0.38301
1	151	2	4	0	0.76821	0.26234	0.54065	0.37305
1	152	2	3	0	0.77307	0.22488	0.58349	0.37869
1	153	1	1	1	0.77173	0.21431	0.53551	0.42413
1	154	1	1	0	0.75927	0.20014	0.50704	0.42257
1	155	1	3	0	0.75921	0.21264	0.50199	0.38167
1	156	1	2	0	0.74445	0.22054	0.51196	0.33042
1	157	2	1	0	0.72395	0.21222	0.48676	0.33988
1	158	2	1	0	0.71999	0.2298	0.51039	0.3507
1	159	2	4	1	0.72939	0.2308	0.54111	0.32357
1	160	2	2	0	0.69386	0.21052	0.54663	0.27117
1	161	2	4	1	0.69174	0.2	0.53472	0.28176
1	162	2	4	0	0.71402	0.2	0.59491	0.26687
1	163	2	3	0	0.71077	0.2	0.5787	0.29751
1	164	1	4	0	0.70963	0.2	0.60455	0.28655
1	165	1	1	1	0.73785	0.2	0.60482	0.27845
1	166	1	1	1	0.75026	0.2	0.60278	0.29223
1	167	1	1	1	0.78057	0.2	0.59516	0.29242
1	168	1	1	1	0.7938	0.20923	0.53569	0.27625
1	169	1	4	0	0.77124	0.25164	0.47943	0.29059
1	170	1	3	0	0.77023	0.2788	0.50377	0.25799
1	171	1	1	1	0.76646	0.27905	0.51914	0.26122
1	172	1	1	1	0.74042	0.24415	0.5069	0.27107
1	173	1	1	1	0.73021	0.27041	0.4785	0.26917
1	174	1	4	0	0.71286	0.28303	0.4701	0.29255
1	175	1	1	0	0.67608	0.30914	0.48553	0.27482
1	176	1	2	0	0.72568	0.28528	0.46698	0.28983
1	177	2	3	0	0.75068	0.32288	0.51553	0.32661
1	178	1	3	1	0.68976	0.33437	0.57487	0.30929
1	179	2	3	1	0.63552	0.32788	0.56683	0.28999
1	180	2	3	0	0.65651	0.29706	0.64643	0.32216
1	181	1	1	0	0.63992	0.28636	0.65593	0.30065
1	182	1	1	1	0.63118	0.29203	0.61181	0.24868
1	183	1	1	0	0.61433	0.30691	0.58943	0.26967
1	184	1	1	1	0.64362	0.28234	0.59775	0.25273
1	185	2	4	0	0.65589	0.2	0.63046	0.22552
1	186	2	4	0	0.64753	0.21033	0.62343	0.23167
1	187	2	3	1	0.6708	0.23303	0.58866	0.24963
1	188	2	3	1	0.68793	0.2	0.59113	0.30878
1	189	2	3	1	0.70132	0.2	0.57037	0.30299
1	191	1	4	1	0.70615	0.23807	0.57935	0.30751
1	192	2	4	0	0.69038	0.24958	0.56007	0.27807
1	193	2	4	0	0.72402	0.24868	0.58419	0.29444
1	194	1	1	1	0.74722	0.22597	0.57091	0.27845
1	195	1	1	1	0.77007	0.25026	0.59727	0.26951
1	196	1	3	0	0.75861	0.24017	0.58072	0.24954
1	197	2	4	0	0.74568	0.2	0.58408	0.24979
1	198	1	1	1	0.78681	0.21341	0.56264	0.20372
1	199	1	1	1	0.7694	0.24506	0.54298	0.2
1	200	1	1	1	0.8	0.22759	0.49432	0.2
1	201	1	1	0	0.8	0.22705	0.48005	0.2179
2	1	2	1	1	0.24366	0.21338	0.7897	0.36247
2	3	2	1	0	0.24195	0.22465	0.7635	0.37649
2	4	2	2	1	0.24137	0.22427	0.79877	0.3744
2	5	2	2	0	0.24103	0.2	0.8	0.38687
2	6	2	3	1	0.2	0.2	0.79295	0.35462
2	7	2	3	1	0.21009	0.22935	0.79064	0.34995
2	8	2	2	0	0.2	0.25825	0.79677	0.32497
2	9	2	1	0	0.2	0.27439	0.77263	0.31415
2	10	2	2	0	0.25693	0.28699	0.8	0.35165
2	11	2	3	1	0.23686	0.27897	0.8	0.33176
2	12	2	3	0	0.2	0.29644	0.78883	0.34925
2	13	2	2	0	0.21085	0.29313	0.78698	0.38282
2	14	2	4	0	0.20371	0.30914	0.78273	0.39991
2	15	2	1	0	0.2	0.27436	0.79031	0.37668
2	16	2	1	0	0.2	0.31162	0.783	0.38107
2	17	2	4	1	0.2	0.33142	0.78508	0.39967
2	18	2	3	1	0.20132	0.3441	0.79349	0.41119
2	19	2	3	1	0.2	0.2921	0.7947	0.39435
2	20	2	3	0	0.2	0.28001	0.8	0.38265
2	21	2	3	0	0.23446	0.29161	0.7848	0.40374
2	22	2	1	1	0.24324	0.30684	0.78655	0.36654
2	23	1	3	1	0.25357	0.28896	0.8	0.36812
2	24	1	2	0	0.247	0.31968	0.778	0.39979
2	25	2	1	0	0.26191	0.29039	0.78188	0.42514
2	26	2	4	0	0.24009	0.26705	0.77572	0.43339
2	27	1	2	0	0.23637	0.27463	0.8	0.44448
2	28	2	3	1	0.2	0.26527	0.79768	0.43536
2	29	2	3	0	0.2	0.2249	0.8	0.45377
2	30	2	1	0	0.27119	0.24548	0.77507	0.47467
2	31	1	2	0	0.25741	0.25583	0.8	0.43019
2	32	1	1	0	0.25833	0.25345	0.7833	0.45546
2	33	1	2	1	0.29274	0.2548	0.75592	0.48444
2	34	1	2	0	0.24411	0.2674	0.69707	0.50089
2	35	2	1	0	0.25087	0.29031	0.69606	0.51711
2	36	1	1	1	0.29422	0.24655	0.7281	0.55837
2	37	2	2	0	0.28983	0.24619	0.73075	0.64885
2	38	1	1	0	0.28961	0.22933	0.76907	0.64365
2	39	2	3	1	0.32305	0.2115	0.72785	0.66863
2	40	2	3	1	0.32795	0.21391	0.75703	0.68245
2	41	2	3	1	0.33668	0.2	0.8	0.69042
2	42	1	4	1	0.32341	0.2	0.7744	0.76419
2	43	2	3	1	0.2924	0.2	0.77229	0.77877
2	44	2	2	0	0.29488	0.21148	0.8	0.77328
2	45	2	3	1	0.32204	0.25048	0.77766	0.8
2	46	2	2	0	0.29959	0.27915	0.78361	0.8
2	47	2	2	1	0.30354	0.35484	0.77031	0.77172
2	48	2	4	1	0.32089	0.33943	0.76879	0.8
2	49	2	4	1	0.31639	0.30386	0.71735	0.8
2	50	2	4	0	0.32926	0.34595	0.68555	0.7724
2	51	1	1	0	0.29947	0.30318	0.6959	0.78212
2	52	2	1	0	0.29323	0.29421	0.69798	0.8
2	53	2	4	1	0.31145	0.28711	0.67731	0.8
2	54	2	4	1	0.35715	0.26453	0.66623	0.8
2	55	2	4	1	0.34242	0.25018	0.65922	0.76883
2	56	2	4	1	0.34459	0.25371	0.68819	0.76716
2	57	2	2	0	0.39018	0.26396	0.63748	0.78614
2	58	1	1	1	0.3358	0.23748	0.60919	0.8
2	59	1	1	0	0.31958	0.21064	0.63817	0.8
2	60	1	2	0	0.29338	0.2	0.68027	0.79001
2	61	2	1	1	0.27116	0.2	0.709	0.8
2	62	2	3	0	0.25717	0.2	0.69624	0.77628
2	63	2	4	1	0.27483	0.2	0.66719	0.75931
2	64	2	4	1	0.23855	0.2	0.61004	0.74309
2	65	2	2	1	0.21736	0.2	0.65247	0.77225
2	66	1	1	0	0.25099	0.2	0.70211	0.74655
2	67	2	4	1	0.2702	0.2	0.71121	0.7433
2	68	2	2	0	0.27338	0.2358	0.65203	0.71806
2	69	2	4	1	0.2925	0.2	0.65285	0.72883
2	70	2	2	0	0.31246	0.22217	0.65929	0.75781
2	71	2	1	0	0.32305	0.2	0.66168	0.75266
2	72	2	1	0	0.28378	0.2	0.65774	0.78056
2	73	2	2	0	0.26524	0.20141	0.59448	0.77223
2	74	1	4	0	0.27387	0.2	0.57972	0.76982
2	75	1	1	1	0.33482	0.2	0.5624	0.8
2	76	1	3	1	0.30843	0.22087	0.52495	0.77129
2	77	2	4	1	0.29104	0.24487	0.53711	0.7695
2	78	1	2	0	0.26102	0.24152	0.50456	0.77789
2	79	2	4	1	0.2445	0.24204	0.50356	0.75557
2	80	2	1	1	0.26642	0.23341	0.50453	0.72099
2	81	2	4	1	0.27563	0.23117	0.51365	0.73239
2	82	2	2	0	0.24556	0.23887	0.49212	0.76062
2	83	1	2	0	0.21118	0.22106	0.54552	0.79201
2	84	1	2	1	0.2	0.26054	0.52037	0.79404
2	85	2	4	1	0.23536	0.24661	0.57319	0.8
2	86	2	2	0	0.23971	0.21726	0.60673	0.7575
2	87	2	4	1	0.27447	0.21378	0.58475	0.7807
2	88	2	1	0	0.23447	0.22887	0.53945	0.8
2	89	2	4	1	0.23122	0.2	0.56969	0.8
2	90	2	4	1	0.21434	0.2	0.58063	0.8
2	91	2	4	1	0.20412	0.2	0.5776	0.77905
2	92	2	1	0	0.23715	0.20107	0.59502	0.78801
2	93	1	2	0	0.2	0.20172	0.56694	0.8
2	94	2	4	1	0.2	0.23888	0.56918	0.8
2	95	2	1	0	0.2	0.22836	0.54608	0.79578
2	96	2	4	1	0.21792	0.22493	0.55862	0.8
2	97	2	4	0	0.25765	0.26661	0.57298	0.76303
2	98	2	1	1	0.25462	0.26054	0.58158	0.76424
2	99	2	4	1	0.25058	0.2355	0.56115	0.77487
2	100	2	4	1	0.2352	0.2	0.57613	0.77472
2	101	2	4	0	0.24936	0.20905	0.55364	0.75352
2	102	2	1	0	0.2433	0.2	0.55993	0.78065
2	103	2	2	0	0.25461	0.23537	0.58316	0.7884
2	104	2	2	0	0.25684	0.24005	0.54965	0.7952
2	105	1	1	0	0.29907	0.2506	0.55251	0.8
2	106	1	2	1	0.26851	0.2435	0.54227	0.8
2	107	1	4	1	0.24851	0.22888	0.55616	0.79765
2	108	2	4	1	0.26537	0.25165	0.56028	0.77126
2	109	2	1	0	0.26116	0.25402	0.55846	0.73255
2	110	2	4	0	0.2603	0.24673	0.58361	0.7276
2	111	2	2	0	0.28591	0.22322	0.64084	0.7201
2	112	1	4	0	0.26526	0.20484	0.6863	0.712
2	113	1	4	1	0.26692	0.2	0.70522	0.72084
2	114	2	4	1	0.27249	0.21392	0.68892	0.72746
2	115	2	1	0	0.22902	0.20045	0.74818	0.71253
2	116	2	4	1	0.2353	0.2	0.77855	0.69805
2	117	2	4	1	0.20838	0.2	0.78606	0.68928
2	118	2	1	0	0.20182	0.20659	0.79165	0.67785
2	119	2	4	1	0.21032	0.247	0.77601	0.74302
2	120	2	4	1	0.20034	0.25251	0.8	0.70396
2	121	2	4	1	0.2	0.24629	0.79537	0.68448
2	122	2	4	1	0.21398	0.29466	0.75251	0.66879
2	123	2	1	0	0.2	0.31706	0.76204	0.6732
2	124	2	4	1	0.2	0.30489	0.7534	0.71219
2	125	2	4	1	0.2	0.32492	0.76137	0.71172
2	126	2	1	0	0.2	0.35076	0.7997	0.71048
2	127	2	4	0	0.20503	0.31678	0.79524	0.70346
2	128	2	4	1	0.20516	0.29861	0.76553	0.69496
2	129	2	4	1	0.22588	0.30163	0.7683	0.72198
2	130	2	2	0	0.21011	0.32075	0.77334	0.72815
2	131	2	4	1	0.21068	0.30684	0.76088	0.73397
2	132	2	4	1	0.2087	0.30048	0.79883	0.74999
2	133	2	4	1	0.22202	0.30679	0.8	0.7297
2	134	2	4	0	0.20441	0.28039	0.77104	0.6871
2	135	2	4	0	0.2029	0.26801	0.75639	0.66139
2	136	2	4	0	0.20636	0.2252	0.741	0.63109
2	137	2	1	0	0.24226	0.2	0.78649	0.65203
2	138	2	4	1	0.25766	0.2	0.7582	0.643
2	139	1	4	0	0.29617	0.2	0.7412	0.59132
2	140	2	4	1	0.30146	0.2	0.76005	0.61217
2	141	2	4	0	0.27104	0.2159	0.75701	0.60006
2	142	2	4	0	0.26798	0.24948	0.7371	0.61118
2	143	2	4	0	0.25651	0.23851	0.73358	0.60815
2	144	2	1	0	0.26757	0.27016	0.72062	0.64522
2	145	2	4	1	0.28294	0.2391	0.75141	0.62282
2	146	2	1	0	0.28259	0.23563	0.69756	0.61478
2	147	2	4	1	0.2582	0.24803	0.70625	0.58711
2	148	2	2	1	0.28571	0.26536	0.70991	0.60658
2	149	2	2	0	0.29377	0.23557	0.72483	0.59885
2	150	2	4	0	0.3194	0.25725	0.74524	0.59905
2	151	2	4	0	0.30979	0.2444	0.74963	0.58005
2	152	2	4	1	0.35056	0.22948	0.73684	0.58931
2	153	2	4	0	0.34977	0.22911	0.72578	0.58484
2	154	2	4	1	0.34519	0.21168	0.71921	0.60472
2	155	2	4	1	0.36661	0.23326	0.72028	0.57828
2	156	2	3	0	0.40117	0.25436	0.71302	0.56412
2	157	2	4	1	0.40102	0.27823	0.66922	0.56995
2	158	2	3	1	0.35642	0.26836	0.67426	0.55094
2	159	1	1	1	0.37148	0.29016	0.67501	0.51965
2	160	2	1	1	0.3358	0.24635	0.66468	0.50215
2	161	1	4	0	0.35501	0.24552	0.69507	0.50197
2	162	2	3	0	0.31346	0.23161	0.66735	0.51181
2	163	1	2	1	0.30964	0.232	0.6475	0.53865
2	164	2	3	0	0.30373	0.22914	0.62935	0.55306
2	165	2	3	1	0.31736	0.22369	0.62071	0.54398
2	166	2	4	0	0.30014	0.25322	0.61517	0.55492
2	167	2	4	1	0.34385	0.2456	0.58311	0.5534
2	168	2	4	0	0.3473	0.2477	0.58684	0.57142
2	169	2	4	0	0.34401	0.27733	0.59587	0.55711
2	170	1	1	1	0.33799	0.29646	0.62267	0.58141
2	171	2	2	0	0.36342	0.31122	0.63888	0.60783
2	172	2	2	0	0.34621	0.32128	0.63943	0.54333
2	173	2	4	0	0.32895	0.34686	0.68134	0.49852
2	174	1	1	1	0.37522	0.31644	0.61196	0.4386
2	175	2	4	0	0.39076	0.33159	0.65	0.44614
2	176	2	2	0	0.4096	0.34605	0.68745	0.44148
2	177	2	2	0	0.46425	0.33531	0.66985	0.44431
2	178	2	4	0	0.48127	0.34427	0.65921	0.43196
2	179	2	4	0	0.46951	0.32875	0.66862	0.42214
2	180	2	4	0	0.45978	0.3009	0.65382	0.42035
2	181	2	1	1	0.46639	0.31441	0.66291	0.41407
2	182	2	4	0	0.49453	0.3332	0.6395	0.40546
2	183	2	2	0	0.48048	0.32783	0.637	0.39346
2	184	1	1	0	0.50093	0.33951	0.60778	0.42871
2	185	1	4	1	0.47675	0.33238	0.61487	0.43485
2	186	2	4	0	0.46652	0.35543	0.62031	0.40333
2	187	1	4	1	0.50299	0.34544	0.60978	0.38389
2	188	1	1	1	0.51908	0.35843	0.61294	0.38385
2	189	2	4	1	0.56691	0.37283	0.60469	0.39722
2	190	2	4	0	0.57641	0.40698	0.65272	0.40517
2	191	1	1	0	0.61806	0.40434	0.62457	0.38315
2	192	2	4	1	0.6387	0.43436	0.59972	0.37162
2	193	2	4	0	0.6537	0.47132	0.56371	0.36873
2	194	1	4	1	0.64354	0.44272	0.53871	0.37205
2	195	1	1	0	0.68281	0.4423	0.53232	0.37961
2	196	1	1	0	0.68423	0.48885	0.52515	0.38681
2	197	2	4	0	0.69172	0.49761	0.51816	0.37109
2	198	1	4	0	0.68823	0.49309	0.51419	0.36965
2	199	1	2	1	0.68377	0.4935	0.50005	0.35935
2	200	2	4	0	0.67325	0.48124	0.48284	0.34656
2	201	2	4	1	0.68844	0.47268	0.52266	0.36539
3	1	1	4	1	0.66883	0.37325	0.76919	0.69293
3	3	1	2	0	0.67015	0.3856	0.76941	0.72175
3	4	2	4	1	0.65867	0.38996	0.73512	0.76353
3	5	2	4	1	0.61271	0.4136	0.70859	0.77052
3	6	2	4	0	0.61433	0.42465	0.70933	0.8
3	7	2	4	1	0.5804	0.39622	0.69341	0.8
3	8	2	4	0	0.51841	0.38227	0.73289	0.8
3	9	1	2	0	0.53659	0.3558	0.74592	0.8
3	10	1	4	1	0.52065	0.38466	0.78221	0.8
3	11	1	1	0	0.5127	0.37854	0.7661	0.78401
3	12	2	4	1	0.49501	0.43971	0.7905	0.7796
3	13	2	4	1	0.49142	0.46183	0.74579	0.78366
3	14	2	4	1	0.49081	0.46637	0.74794	0.77315
3	15	2	2	1	0.50132	0.47586	0.74207	0.8
3	16	2	4	0	0.56473	0.46072	0.79825	0.79796
3	17	1	4	0	0.54207	0.46664	0.8	0.74878
3	18	1	2	0	0.58164	0.44106	0.79297	0.72317
3	19	2	4	1	0.59149	0.45774	0.79293	0.76953
3	20	2	4	1	0.61672	0.45676	0.77379	0.79815
3	21	2	2	1	0.62121	0.44059	0.76258	0.8
3	22	2	2	1	0.63551	0.4599	0.75005	0.76542
3	23	2	4	1	0.63114	0.46266	0.75579	0.8
3	24	2	4	0	0.61963	0.49526	0.7527	0.79561
3	25	2	2	0	0.57841	0.49419	0.72627	0.8
3	26	2	2	1	0.56152	0.52013	0.78467	0.8
3	27	2	3	1	0.57869	0.51671	0.78265	0.8
3	28	2	3	1	0.56639	0.50541	0.75377	0.76181
3	29	2	2	1	0.53607	0.53711	0.73607	0.77493
3	30	2	3	1	0.50742	0.57529	0.74619	0.74033
3	31	2	3	0	0.49056	0.52378	0.73618	0.71541
3	32	1	3	1	0.4976	0.52854	0.72432	0.70405
3	33	1	2	1	0.53769	0.5559	0.68652	0.70031
3	34	1	2	0	0.53378	0.54603	0.67969	0.70818
3	35	2	3	1	0.52224	0.53683	0.70012	0.73016
3	36	2	3	0	0.54336	0.51652	0.69302	0.7253
3	37	1	1	0	0.50921	0.56155	0.67768	0.72735
3	38	1	2	0	0.52346	0.5659	0.67873	0.73461
3	39	2	2	1	0.56296	0.54234	0.64272	0.72261
3	40	2	4	1	0.57085	0.5206	0.67906	0.72352
3	41	2	4	1	0.58499	0.53196	0.69191	0.72011
3	42	2	2	0	0.57616	0.51196	0.674	0.74266
3	43	2	2	0	0.576	0.53392	0.65332	0.75823
3	44	1	1	1	0.57044	0.52995	0.61126	0.7968
3	45	1	1	1	0.60101	0.54231	0.60942	0.78605
3	46	1	1	0	0.57728	0.55258	0.59843	0.8
3	47	2	1	0	0.55056	0.54806	0.56974	0.8
3	48	2	4	1	0.55445	0.59867	0.58828	0.7958
3	49	2	4	0	0.56397	0.57727	0.55507	0.7543
3	50	2	3	1	0.57406	0.59639	0.54868	0.76199
3	51	2	3	1	0.5561	0.59867	0.58165	0.75913
3	52	2	1	1	0.48821	0.63845	0.58467	0.79374
3	53	1	2	0	0.47204	0.62393	0.60018	0.75774
3	54	2	4	0	0.48959	0.6457	0.62181	0.73965
3	55	1	3	1	0.52759	0.60195	0.61241	0.70988
3	56	1	3	1	0.52772	0.62054	0.57173	0.7234
3	57	1	1	0	0.50986	0.59709	0.54509	0.73144
3	58	1	3	0	0.46038	0.60037	0.52496	0.75924
3	59	2	3	0	0.4769	0.6381	0.50502	0.73557
3	60	1	1	1	0.4638	0.63734	0.53088	0.73204
3	61	1	1	0	0.44397	0.62479	0.55098	0.7317
3	62	1	1	1	0.45771	0.64205	0.56085	0.7122
3	63	1	3	1	0.41829	0.61723	0.53791	0.65224
3	64	1	1	0	0.44906	0.58146	0.55191	0.66344
3	65	2	3	1	0.47217	0.57877	0.525	0.6597
3	66	2	1	1	0.48396	0.57911	0.48678	0.66715
3	67	2	3	0	0.48087	0.55254	0.46851	0.68836
3	68	2	1	0	0.40167	0.54104	0.40646	0.67455
3	69	1	2	1	0.41253	0.55343	0.41672	0.65517
3	70	1	2	1	0.42959	0.59563	0.41995	0.68402
3	71	1	2	1	0.43857	0.59709	0.42729	0.70901
3	72	1	2	1	0.44418	0.62363	0.4246	0.71959
3	73	2	4	1	0.4767	0.64183	0.38548	0.78097
3	74	1	2	1	0.5276	0.62719	0.3852	0.8
3	75	1	2	1	0.49319	0.624	0.35591	0.8
3	76	2	4	1	0.54732	0.5904	0.29778	0.8
3	77	2	4	1	0.54944	0.58123	0.32742	0.77967
3	78	1	2	1	0.56733	0.53663	0.30483	0.8
3	79	1	2	0	0.57654	0.53186	0.30929	0.76943
3	80	2	2	1	0.59232	0.54615	0.32875	0.77195
3	81	2	4	1	0.6407	0.52331	0.29697	0.8
3	82	2	4	1	0.63453	0.50234	0.2913	0.76079
3	83	1	2	1	0.63164	0.53699	0.30748	0.77895
3	84	1	2	0	0.6282	0.5123	0.30934	0.77445
3	85	2	4	1	0.60935	0.49884	0.33065	0.74279
3	86	2	2	0	0.61729	0.54562	0.34929	0.74988
3	87	1	4	1	0.63495	0.52927	0.31141	0.73159
3	88	1	1	1	0.6246	0.52432	0.34703	0.73015
3	89	1	1	1	0.64368	0.48815	0.27377	0.73239
3	90	2	1	0	0.59542	0.45566	0.26969	0.72239
3	91	2	1	0	0.59224	0.4519	0.27504	0.69281
3	92	2	4	1	0.59509	0.5055	0.24022	0.66945
3	93	2	4	1	0.64672	0.53689	0.22287	0.66914
3	94	2	4	1	0.63177	0.54698	0.21258	0.68408
3	95	1	2	0	0.67391	0.57384	0.2072	0.68711
3	96	2	4	1	0.66292	0.52497	0.2	0.70323
3	97	2	2	1	0.6416	0.53087	0.20378	0.6965
3	98	2	4	1	0.60641	0.50909	0.26903	0.6806
3	99	1	2	1	0.6134	0.48996	0.27622	0.70435
3	100	2	2	1	0.62637	0.48483	0.31202	0.73029
3	101	2	4	1	0.58895	0.44496	0.3198	0.72504
3	102	1	4	1	0.59891	0.50268	0.29841	0.72913
3	103	1	2	0	0.63238	0.5181	0.2929	0.73254
3	104	2	2	1	0.64532	0.51598	0.29077	0.79193
3	105	2	2	0	0.64278	0.47902	0.28531	0.79905
3	106	2	4	1	0.62308	0.49617	0.30022	0.8
3	107	2	1	0	0.66055	0.47591	0.30855	0.78427
3	108	2	4	1	0.66069	0.49633	0.31414	0.8
3	109	2	4	1	0.66532	0.51261	0.33326	0.8
3	110	2	1	1	0.66496	0.51259	0.30694	0.79976
3	111	2	4	1	0.63477	0.50855	0.35965	0.8
3	112	2	4	0	0.64212	0.47413	0.32055	0.7694
3	113	2	4	1	0.60057	0.42494	0.35101	0.77125
3	114	1	1	1	0.56903	0.38249	0.35041	0.76236
3	115	1	1	1	0.6015	0.39316	0.36371	0.77496
3	116	1	1	1	0.60273	0.42415	0.42261	0.77538
3	117	1	4	1	0.64753	0.36608	0.46082	0.74709
3	118	2	4	1	0.64442	0.40509	0.48388	0.71915
3	119	1	4	1	0.65391	0.42951	0.48458	0.7488
3	120	1	1	1	0.68116	0.4308	0.49861	0.71676
3	121	1	1	0	0.65563	0.46113	0.47371	0.72506
3	122	2	1	1	0.69349	0.49043	0.47868	0.73556
3	123	2	4	1	0.66198	0.48623	0.51209	0.74302
3	124	2	1	0	0.62501	0.50053	0.52244	0.73455
3	125	2	4	1	0.65673	0.44638	0.51138	0.75814
3	126	2	2	1	0.64113	0.45613	0.4999	0.7822
3	127	2	2	1	0.61183	0.47796	0.47914	0.78129
3	128	2	4	0	0.62885	0.48371	0.46325	0.76828
3	129	1	2	0	0.65825	0.46961	0.48531	0.7496
3	130	1	3	0	0.6435	0.48994	0.53024	0.72654
3	131	1	2	1	0.66244	0.51286	0.52535	0.7488
3	132	1	2	0	0.68476	0.54099	0.51799	0.7379
3	133	2	4	1	0.68301	0.55496	0.51328	0.74206
3	134	2	2	0	0.67316	0.55361	0.48301	0.75786
3	135	2	2	1	0.67376	0.53684	0.49156	0.76391
3	136	2	4	0	0.70431	0.5375	0.49248	0.72144
3	137	2	2	0	0.73911	0.51031	0.50981	0.69143
3	138	2	3	0	0.73501	0.54236	0.48455	0.65323
3	139	1	2	1	0.70711	0.53633	0.51912	0.68392
3	140	1	2	0	0.68128	0.55276	0.48967	0.66202
3	141	1	2	1	0.66796	0.51312	0.48063	0.67974
3	142	1	2	0	0.68706	0.52262	0.45528	0.69269
3	143	2	4	1	0.67081	0.50414	0.40634	0.68221
3	144	2	2	1	0.60688	0.4994	0.38689	0.68965
3	145	2	4	1	0.64122	0.47853	0.39266	0.71406
3	146	2	4	1	0.66933	0.47368	0.37491	0.69829
3	147	2	2	0	0.6751	0.52406	0.38091	0.70497
3	148	2	4	1	0.66144	0.49961	0.37475	0.69052
3	149	2	4	0	0.63735	0.5103	0.36973	0.69204
3	150	1	2	1	0.63358	0.48455	0.37815	0.68046
3	151	1	4	1	0.65883	0.47061	0.3947	0.65703
3	152	1	2	1	0.6302	0.50495	0.39799	0.65565
3	153	2	4	1	0.62789	0.48344	0.39312	0.63916
3	154	1	2	1	0.6335	0.46165	0.41299	0.64529
3	155	1	2	1	0.64593	0.46122	0.38794	0.66622
3	156	1	2	0	0.646	0.44097	0.3853	0.6999
3	157	1	2	0	0.63902	0.45708	0.35352	0.70509
3	158	2	4	1	0.66877	0.4357	0.31695	0.71684
3	159	2	4	1	0.66383	0.44026	0.28375	0.73352
3	160	2	4	1	0.6475	0.43008	0.26323	0.68252
3	161	2	4	1	0.62258	0.43133	0.24392	0.69062
3	162	2	1	1	0.65065	0.46271	0.22707	0.71892
3	163	2	4	1	0.60723	0.44933	0.2092	0.71241
3	164	1	4	1	0.59875	0.43997	0.21956	0.6914
3	165	1	1	0	0.55818	0.40711	0.2	0.72182
3	166	1	1	1	0.60092	0.38929	0.25299	0.74315
3	167	1	1	1	0.6077	0.36729	0.2275	0.74274
3	168	1	1	1	0.58144	0.36602	0.24947	0.70624
3	169	1	1	1	0.58884	0.34827	0.2796	0.71898
3	170	1	4	1	0.61215	0.37417	0.2637	0.74439
3	171	1	1	1	0.63596	0.36185	0.26624	0.73248
3	172	1	1	1	0.61559	0.37883	0.22076	0.73546
3	173	1	1	1	0.58784	0.39491	0.20025	0.73755
3	174	1	2	1	0.6596	0.38477	0.24322	0.77936
3	175	1	1	1	0.64983	0.43784	0.27238	0.77963
3	176	1	1	0	0.63608	0.43822	0.26457	0.78278
3	177	2	4	1	0.61948	0.43996	0.23311	0.75512
3	178	2	4	1	0.61418	0.38824	0.23349	0.75632
3	179	2	1	0	0.6146	0.37627	0.25115	0.8
3	180	2	2	0	0.62001	0.34678	0.2671	0.79487
3	181	1	2	1	0.615	0.33971	0.28171	0.79225
3	182	2	2	0	0.61682	0.32518	0.34198	0.79845
3	183	2	4	1	0.63967	0.31349	0.3434	0.78929
3	184	2	4	1	0.62524	0.30235	0.32921	0.78309
3	185	2	4	1	0.65432	0.28414	0.3005	0.77878
3	186	2	4	1	0.6499	0.28287	0.3494	0.7755
3	187	2	4	1	0.6312	0.29965	0.3589	0.739
3	188	2	4	1	0.60689	0.31089	0.35521	0.74163
3	189	2	4	0	0.62744	0.29311	0.34019	0.75455
3	190	2	2	0	0.62018	0.30403	0.37572	0.75018
3	191	1	1	1	0.59118	0.32691	0.3682	0.74053
3	192	1	3	0	0.62218	0.31464	0.37339	0.72332
3	193	1	1	1	0.60768	0.30155	0.3907	0.73393
3	194	1	1	1	0.62445	0.25367	0.40889	0.7381
3	195	1	4	1	0.58264	0.27604	0.38269	0.73848
3	196	1	4	1	0.5586	0.23074	0.38086	0.77833
3	197	1	4	0	0.54563	0.22598	0.36843	0.73306
3	198	1	1	0	0.5992	0.24965	0.35665	0.72907
3	199	2	4	0	0.63541	0.24274	0.35439	0.68775
3	200	1	2	0	0.64018	0.24858	0.36565	0.6627
3	201	2	3	1	0.65081	0.25388	0.39391	0.67241
4	1	2	4	0	0.21199	0.54628	0.68794	0.47466
4	2	2	4	0	0.2	0.534	0.65541	0.47102
4	3	2	3	1	0.2	0.57876	0.65958	0.47067
4	4	2	3	1	0.2	0.56797	0.63188	0.42063
4	6	2	1	1	0.2	0.54476	0.60146	0.47798
4	7	2	1	0	0.2	0.52605	0.60722	0.47527
4	8	2	3	0	0.2	0.52271	0.63572	0.47881
4	9	2	1	0	0.21722	0.55743	0.64484	0.49461
4	10	2	3	0	0.22466	0.5777	0.67382	0.49864
4	11	1	4	0	0.22561	0.58815	0.68153	0.5709
4	12	1	4	0	0.21568	0.56781	0.67591	0.5935
4	13	1	2	1	0.22308	0.52535	0.71702	0.60735
4	14	1	2	1	0.20689	0.53131	0.70323	0.60971
4	15	1	2	1	0.21517	0.57119	0.70512	0.60726
4	16	1	2	1	0.2067	0.56055	0.72736	0.59942
4	17	1	2	0	0.2	0.55337	0.74002	0.60865
4	18	2	3	1	0.2	0.57323	0.78656	0.53756
4	19	2	3	0	0.24501	0.57013	0.8	0.55964
4	20	1	1	0	0.22025	0.59802	0.78074	0.58471
4	21	1	2	1	0.24619	0.58994	0.78157	0.62366
4	22	1	2	1	0.2425	0.60365	0.77134	0.67168
4	23	2	4	1	0.26134	0.62914	0.73476	0.66238
4	24	1	2	1	0.2523	0.67328	0.76341	0.6803
4	25	2	4	1	0.21905	0.66907	0.74752	0.67259
4	26	2	1	0	0.2	0.63148	0.74129	0.64534
4	27	1	2	1	0.22706	0.64474	0.7103	0.64379
4	28	2	3	1	0.24795	0.71816	0.73498	0.65137
4	29	2	3	0	0.25824	0.72237	0.71915	0.64535
4	30	2	4	1	0.2023	0.73493	0.72564	0.63744
4	31	1	4	1	0.21389	0.75741	0.72671	0.64195
4	32	2	2	1	0.2	0.77333	0.72097	0.6328
4	33	2	2	1	0.2	0.77558	0.69994	0.6418
4	34	2	2	1	0.2	0.78144	0.67943	0.63996
4	35	1	3	0	0.2	0.8	0.67301	0.61008
4	36	1	2	0	0.2	0.8	0.68831	0.63528
4	37	1	2	1	0.2	0.8	0.69131	0.6034
4	38	2	3	1	0.20971	0.8	0.70393	0.57568
4	39	2	3	1	0.21621	0.76178	0.71917	0.55994
4	40	2	1	0	0.22745	0.74196	0.70603	0.55248
4	41	2	4	1	0.23812	0.75206	0.68627	0.56138
4	42	1	2	1	0.26515	0.73895	0.69746	0.57138
4	43	2	4	0	0.28398	0.76918	0.73134	0.59407
4	44	2	1	1	0.30592	0.75416	0.70629	0.5629
4	45	1	4	1	0.31918	0.76789	0.70929	0.56458
4	46	2	3	1	0.29707	0.71374	0.71305	0.56137
4	47	1	4	0	0.30046	0.66943	0.72947	0.55543
4	48	1	2	1	0.27898	0.69381	0.70074	0.5995
4	49	2	4	1	0.26535	0.69816	0.68161	0.58912
4	50	1	2	1	0.30351	0.72021	0.67091	0.56377
4	51	2	4	1	0.33934	0.65248	0.66959	0.56201
4	52	2	2	1	0.3872	0.63757	0.68541	0.58033
4	53	1	2	0	0.3944	0.6497	0.67534	0.57672
4	54	2	3	0	0.41049	0.65797	0.6736	0.57501
4	55	1	2	1	0.36902	0.61196	0.70441	0.62472
4	56	1	2	1	0.39708	0.658	0.73746	0.67287
4	57	1	3	0	0.33752	0.69203	0.75871	0.63325
4	58	1	4	1	0.33235	0.68372	0.79774	0.65964
4	59	2	1	0	0.29321	0.66003	0.8	0.68977
4	60	2	2	1	0.2689	0.68852	0.79386	0.6942
4	61	1	4	0	0.27333	0.70509	0.78656	0.68412
4	62	1	1	1	0.29007	0.6768	0.8	0.72379
4	63	1	1	1	0.27771	0.69015	0.79024	0.74027
4	64	1	1	0	0.27473	0.72906	0.76889	0.73509
4	65	1	1	1	0.27454	0.7235	0.75293	0.74844
4	66	2	3	1	0.27372	0.71364	0.77559	0.75522
4	67	2	4	1	0.29453	0.64955	0.77966	0.74915
4	68	2	3	1	0.28646	0.64986	0.79155	0.78968
4	69	2	4	1	0.26537	0.63016	0.77741	0.78975
4	70	2	3	1	0.28141	0.66991	0.74299	0.79249
4	71	1	1	0	0.29099	0.66493	0.79439	0.79014
4	72	1	4	1	0.31207	0.64723	0.79159	0.78607
4	73	2	3	1	0.26992	0.64794	0.762	0.79788
4	74	1	1	0	0.28006	0.57867	0.78492	0.78075
4	75	2	3	1	0.25879	0.61897	0.77092	0.7282
4	76	2	1	0	0.21374	0.6422	0.77857	0.7214
4	77	1	2	1	0.2	0.66219	0.76089	0.71271
4	78	1	4	1	0.23095	0.63052	0.78842	0.74988
4	79	2	1	0	0.21211	0.67373	0.75575	0.77481
4	80	2	4	1	0.22245	0.67839	0.71743	0.78994
4	81	1	3	1	0.22854	0.67643	0.72384	0.76479
4	82	2	2	1	0.2	0.65877	0.69777	0.8
4	83	2	3	1	0.2	0.66073	0.69603	0.8
4	84	1	1	0	0.2	0.68394	0.70717	0.8
4	85	2	2	1	0.20384	0.66684	0.75085	0.8
4	86	1	3	1	0.21624	0.64553	0.77035	0.76305
4	87	2	4	1	0.22371	0.66605	0.71853	0.79022
4	88	2	3	1	0.22751	0.70415	0.75329	0.76656
4	89	2	2	1	0.226	0.71427	0.73792	0.75358
4	90	2	4	1	0.25551	0.73673	0.75205	0.73508
4	91	2	1	0	0.24871	0.75519	0.77856	0.70971
4	92	2	4	1	0.22538	0.69685	0.77893	0.72328
4	93	2	1	0	0.24222	0.68194	0.77438	0.65775
4	94	2	4	1	0.25815	0.70205	0.8	0.63861
4	95	1	1	0	0.27333	0.6861	0.8	0.65481
4	96	1	4	0	0.27917	0.73356	0.7416	0.67907
4	97	1	3	1	0.28182	0.71244	0.72781	0.65051
4	98	1	2	1	0.29413	0.72278	0.7606	0.68453
4	99	1	2	1	0.2932	0.73863	0.75846	0.68132
4	100	1	3	1	0.31532	0.69763	0.75898	0.69651
4	101	1	2	1	0.31612	0.70769	0.74336	0.70307
4	102	1	2	1	0.3108	0.75304	0.76022	0.6906
4	103	1	1	0	0.33191	0.79851	0.7261	0.709
4	104	1	2	1	0.34414	0.79383	0.74593	0.71874
4	105	1	2	1	0.34368	0.8	0.77512	0.71896
4	106	1	2	1	0.34419	0.77415	0.78079	0.71189
4	107	1	2	1	0.37746	0.79259	0.78847	0.70569
4	108	1	2	1	0.37835	0.79968	0.77385	0.69216
4	109	1	4	1	0.38553	0.8	0.70916	0.66968
4	110	1	2	1	0.38058	0.8	0.69244	0.67389
4	111	1	2	1	0.41382	0.79577	0.70813	0.67588
4	112	1	2	0	0.36934	0.8	0.66458	0.68569
4	113	2	3	0	0.35152	0.79807	0.65552	0.63742
4	114	1	2	0	0.34184	0.8	0.66402	0.60133
4	115	2	4	1	0.32713	0.8	0.70044	0.5724
4	116	2	4	1	0.34862	0.8	0.76034	0.54769
4	117	2	2	1	0.38828	0.8	0.79676	0.5328
4	118	2	3	1	0.39307	0.8	0.8	0.53451
4	119	2	4	1	0.39582	0.79676	0.79137	0.50423
4	120	2	4	0	0.40118	0.8	0.75272	0.46582
4	121	2	4	0	0.43031	0.8	0.74693	0.48711
4	122	2	3	1	0.4908	0.8	0.7287	0.48293
4	123	2	3	0	0.46163	0.8	0.68921	0.46915
4	124	1	2	1	0.46082	0.76616	0.6904	0.44279
4	125	1	2	1	0.46621	0.77326	0.68577	0.45188
4	126	1	2	1	0.41896	0.77596	0.6704	0.42
4	127	1	3	1	0.40602	0.76215	0.63875	0.37658
4	128	1	2	1	0.42846	0.78743	0.63211	0.36063
4	129	2	4	1	0.41213	0.75659	0.6251	0.33481
4	130	2	4	0	0.41481	0.77493	0.59454	0.28814
4	131	2	3	1	0.41472	0.79236	0.61594	0.2509
4	132	2	3	1	0.39245	0.8	0.56165	0.30671
4	133	1	1	0	0.40761	0.8	0.60698	0.33748
4	134	1	3	1	0.42713	0.79083	0.64562	0.28783
4	135	1	4	0	0.42478	0.7864	0.64	0.3166
4	136	2	2	1	0.41485	0.76076	0.63457	0.29308
4	137	2	3	1	0.4325	0.79865	0.6661	0.27684
4	138	1	4	1	0.4363	0.75789	0.66885	0.25926
4	139	1	2	1	0.4181	0.77731	0.68794	0.28972
4	140	2	4	0	0.40627	0.76115	0.7093	0.31961
4	141	2	2	1	0.37519	0.76241	0.69879	0.28667
4	142	1	3	0	0.3901	0.7591	0.69174	0.30751
4	143	2	4	1	0.36338	0.71133	0.69568	0.33997
4	144	1	1	1	0.39841	0.73696	0.72225	0.34169
4	145	1	1	1	0.41371	0.69938	0.72395	0.36836
4	146	1	1	0	0.37714	0.71863	0.68051	0.39311
4	147	1	1	0	0.32263	0.78138	0.72232	0.35715
4	148	2	2	1	0.3333	0.76573	0.69665	0.40039
4	149	1	4	0	0.3169	0.77223	0.65767	0.42938
4	150	1	3	1	0.27789	0.78937	0.68047	0.46507
4	151	1	2	1	0.23163	0.77209	0.72142	0.47408
4	152	2	3	1	0.23568	0.76247	0.73256	0.46965
4	153	1	2	1	0.26304	0.7484	0.73707	0.48612
4	154	1	4	0	0.21324	0.72897	0.73612	0.50978
4	155	1	2	1	0.21614	0.74213	0.72873	0.47975
4	156	1	2	1	0.22546	0.75149	0.73982	0.51567
4	157	2	4	0	0.2	0.76702	0.73213	0.50302
4	158	1	2	0	0.2	0.75791	0.76103	0.49764
4	159	1	2	0	0.24648	0.74262	0.75323	0.48225
4	160	2	1	0	0.29166	0.7449	0.75737	0.49812
4	161	1	2	1	0.29722	0.74881	0.78415	0.49579
4	162	1	2	1	0.29739	0.748	0.75971	0.49409
4	163	1	2	1	0.29061	0.74109	0.75713	0.47148
4	164	1	2	1	0.3241	0.8	0.7562	0.49
4	165	1	1	0	0.30304	0.8	0.74852	0.43331
4	166	1	3	1	0.30686	0.8	0.79876	0.4492
4	167	1	2	1	0.27929	0.79193	0.8	0.45587
4	168	1	2	1	0.27502	0.8	0.8	0.47165
4	169	1	2	1	0.27626	0.76784	0.8	0.45688
4	170	1	2	1	0.26103	0.8	0.79842	0.50098
4	171	2	1	0	0.25009	0.8	0.8	0.52076
4	172	2	4	0	0.27084	0.76792	0.79399	0.53205
4	173	1	4	0	0.25985	0.8	0.8	0.52452
4	174	1	2	1	0.3034	0.8	0.76969	0.53788
4	175	1	3	1	0.31203	0.8	0.76893	0.55553
4	176	1	4	1	0.29759	0.79857	0.8	0.54718
4	177	1	3	1	0.30694	0.8	0.77632	0.50738
4	178	1	2	1	0.32205	0.79845	0.75379	0.51164
4	179	1	2	1	0.3711	0.79228	0.75654	0.49837
4	180	1	2	0	0.36351	0.75311	0.76007	0.52005
4	181	1	2	1	0.43037	0.78817	0.7648	0.52297
4	182	1	2	1	0.38317	0.8	0.76207	0.53649
4	183	1	2	1	0.40583	0.76667	0.7691	0.51703
4	184	1	2	1	0.37856	0.74345	0.78541	0.54304
4	185	1	2	0	0.35465	0.75525	0.76958	0.50629
4	186	1	1	0	0.34375	0.75051	0.8	0.51524
4	187	1	2	1	0.32132	0.75855	0.79423	0.53117
4	188	1	2	1	0.3636	0.77127	0.78654	0.58878
4	189	1	2	0	0.3275	0.78351	0.77677	0.58923
4	190	1	2	0	0.27943	0.77737	0.76301	0.61983
4	191	1	2	1	0.27087	0.77048	0.76726	0.63355
4	192	2	2	1	0.2608	0.7859	0.79498	0.67274
4	193	1	2	0	0.24295	0.77068	0.8	0.6974
4	194	1	1	1	0.21104	0.76327	0.74363	0.68911
4	195	1	2	1	0.2056	0.77968	0.75447	0.67363
4	196	1	2	1	0.2	0.78194	0.71332	0.67214
4	197	1	3	1	0.2	0.79051	0.73342	0.72048
4	198	1	3	1	0.2	0.8	0.75775	0.73538
4	199	1	3	1	0.2	0.8	0.71951	0.74666
4	200	1	1	0	0.2	0.79957	0.72178	0.77312
4	201	1	3	0	0.2	0.77904	0.76431	0.79704
5	1	2	3	0	0.52965	0.6281	0.39177	0.2627
5	2	2	1	1	0.50844	0.64534	0.43629	0.25243
5	3	2	3	1	0.49916	0.65298	0.43716	0.25631
5	4	1	1	1	0.46066	0.65858	0.45227	0.24514
5	5	1	4	0	0.46583	0.67651	0.42093	0.28374
5	6	1	3	1	0.48888	0.66179	0.441	0.31545
5	7	1	1	1	0.46957	0.67537	0.39708	0.31115
5	8	1	1	0	0.47773	0.63281	0.41152	0.30077
5	9	1	1	0	0.42138	0.60612	0.41382	0.35085
5	10	2	3	0	0.39058	0.65772	0.43496	0.34415
5	11	2	4	0	0.36632	0.65864	0.38564	0.32864
5	12	1	2	1	0.3353	0.67799	0.36702	0.30257
5	13	1	3	1	0.33005	0.67692	0.37394	0.31
5	14	1	3	0	0.30704	0.70034	0.38948	0.29147
5	15	1	2	0	0.30188	0.67684	0.37848	0.30749
5	16	2	3	0	0.31777	0.70184	0.37308	0.33226
5	17	2	4	0	0.30146	0.68226	0.36574	0.35462
5	18	1	2	0	0.30953	0.70445	0.36379	0.35352
5	19	1	1	0	0.29945	0.71922	0.36604	0.36233
5	21	1	1	0	0.26136	0.76773	0.33342	0.40977
5	22	1	2	1	0.25017	0.79726	0.26784	0.44439
5	23	1	4	1	0.25924	0.8	0.24602	0.39868
5	24	1	2	1	0.25417	0.8	0.26601	0.39396
5	25	1	2	1	0.24727	0.8	0.28345	0.40097
5	26	1	2	1	0.24463	0.8	0.27493	0.41779
5	27	1	2	1	0.22767	0.75664	0.25281	0.37704
5	28	1	4	1	0.24347	0.75487	0.25652	0.36365
5	29	1	2	1	0.25231	0.72268	0.27731	0.35213
5	30	1	4	0	0.25335	0.6809	0.32021	0.34899
5	31	1	4	1	0.26974	0.64092	0.25591	0.36438
5	32	1	2	1	0.26745	0.66799	0.2717	0.34281
5	33	1	2	1	0.28884	0.69135	0.26879	0.34217
5	34	1	4	0	0.29497	0.69864	0.25664	0.33734
5	35	1	2	1	0.30562	0.64968	0.24518	0.32997
5	36	1	2	1	0.28868	0.66533	0.30171	0.30097
5	37	1	2	0	0.28809	0.7375	0.3034	0.30363
5	38	1	4	0	0.31865	0.71161	0.30639	0.28397
5	39	1	1	0	0.31807	0.64858	0.29697	0.30764
5	40	1	1	0	0.31593	0.65613	0.33298	0.31225
5	41	1	3	1	0.33026	0.61258	0.33138	0.32014
5	42	1	2	1	0.32697	0.61912	0.34696	0.33464
5	43	1	3	0	0.27858	0.63891	0.35506	0.31018
5	44	1	4	1	0.32086	0.66656	0.41123	0.28709
5	45	1	2	1	0.34782	0.66129	0.41197	0.2836
5	46	1	2	1	0.3288	0.70515	0.42619	0.30467
5	47	1	2	1	0.31461	0.7261	0.46665	0.28781
5	48	1	2	1	0.29798	0.75841	0.45923	0.24544
5	49	1	1	0	0.32415	0.74721	0.45376	0.23062
5	50	1	4	1	0.30859	0.73631	0.42276	0.25451
5	51	1	4	1	0.30114	0.70529	0.43194	0.24206
5	52	1	4	0	0.29249	0.67129	0.43607	0.20447
5	53	1	2	1	0.28941	0.65402	0.47464	0.20202
5	54	1	4	0	0.28255	0.65782	0.44258	0.24802
5	55	1	2	0	0.29205	0.65442	0.42603	0.2763
5	56	1	2	1	0.28681	0.68052	0.43304	0.25667
5	57	1	2	1	0.28534	0.69036	0.43969	0.30449
5	58	1	4	1	0.28727	0.72614	0.40972	0.28317
5	59	1	2	0	0.29809	0.73427	0.40003	0.25991
5	60	1	2	1	0.32128	0.72385	0.38134	0.25928
5	61	1	2	1	0.2904	0.77418	0.40214	0.22237
5	62	1	2	1	0.31291	0.76574	0.39228	0.23189
5	63	1	2	0	0.31813	0.74611	0.37152	0.21661
5	64	1	4	1	0.34169	0.72641	0.37578	0.23515
5	65	1	1	0	0.39352	0.70822	0.32018	0.23678
5	66	1	4	0	0.35239	0.70569	0.33043	0.25038
5	67	1	1	0	0.31002	0.73202	0.30254	0.22323
5	68	1	2	1	0.32702	0.73928	0.32406	0.22419
5	69	1	2	1	0.32569	0.74191	0.3323	0.2288
5	70	1	2	0	0.31631	0.75926	0.35622	0.20484
5	71	1	2	1	0.34697	0.7608	0.3981	0.2
5	72	1	4	0	0.36965	0.74103	0.41356	0.20749
5	73	1	4	1	0.33203	0.75547	0.40478	0.24049
5	74	1	2	0	0.3359	0.8	0.41224	0.23604
5	75	1	2	1	0.38071	0.77505	0.40267	0.23514
5	76	1	2	0	0.35913	0.7656	0.44632	0.22138
5	77	1	2	1	0.32985	0.79312	0.47177	0.24763
5	78	1	2	1	0.34528	0.72516	0.45731	0.25059
5	79	1	2	1	0.42887	0.70956	0.52762	0.22566
5	80	1	2	1	0.50375	0.70408	0.55354	0.24068
5	81	1	2	1	0.49584	0.69185	0.52126	0.21029
5	82	1	2	1	0.49765	0.68081	0.51965	0.21723
5	83	1	4	0	0.47827	0.70016	0.5245	0.22204
5	84	1	2	0	0.49644	0.72369	0.54001	0.22711
5	85	1	2	1	0.50782	0.73512	0.5403	0.24375
5	86	1	2	1	0.48393	0.6719	0.54166	0.22529
5	87	1	2	0	0.48789	0.6832	0.54899	0.23012
5	88	1	2	1	0.45357	0.68183	0.54698	0.23454
5	89	1	2	1	0.43108	0.6934	0.50771	0.28144
5	90	1	2	1	0.41876	0.69745	0.50987	0.29576
5	91	1	3	0	0.38172	0.67906	0.49969	0.29294
5	92	1	2	1	0.37691	0.68526	0.47025	0.2863
5	93	1	2	1	0.3854	0.66665	0.42952	0.27794
5	94	1	2	1	0.4366	0.66658	0.43534	0.29518
5	95	1	2	0	0.42289	0.69998	0.41894	0.35091
5	96	1	4	0	0.40661	0.68082	0.40679	0.35538
5	97	1	4	0	0.40432	0.69434	0.43249	0.38228
5	98	1	4	0	0.39867	0.7264	0.39862	0.32107
5	99	1	2	1	0.41113	0.6887	0.459	0.32047
5	100	2	3	0	0.37729	0.72178	0.47418	0.33235
5	101	1	2	1	0.3844	0.77754	0.48317	0.28709
5	102	1	2	1	0.36407	0.79627	0.47854	0.29967
5	103	1	2	1	0.37211	0.8	0.49278	0.26266
5	104	1	4	0	0.36476	0.8	0.51316	0.2918
5	105	1	2	1	0.37656	0.7832	0.52443	0.31781
5	106	1	4	0	0.361	0.75417	0.51713	0.3391
5	107	1	2	1	0.34127	0.69674	0.51345	0.33678
5	108	1	3	1	0.36536	0.69128	0.54557	0.37853
5	109	1	2	0	0.36782	0.68772	0.50025	0.3886
5	110	1	3	1	0.37694	0.66622	0.52168	0.3531
5	111	2	3	0	0.40396	0.67503	0.51225	0.35866
5	112	1	3	0	0.39044	0.77402	0.48213	0.36963
5	113	1	2	1	0.41819	0.76111	0.42435	0.36787
5	114	1	3	0	0.43218	0.74342	0.45394	0.37659
5	115	1	2	1	0.41543	0.7167	0.43029	0.37865
5	116	1	2	1	0.43204	0.74695	0.47116	0.35511
5	117	1	2	0	0.42545	0.73504	0.48081	0.38071
5	118	1	4	1	0.40956	0.76826	0.48392	0.37526
5	119	1	2	1	0.44331	0.7724	0.493	0.35941
5	120	1	2	1	0.42941	0.74261	0.48721	0.32865
5	121	1	2	1	0.46223	0.7079	0.495	0.34236
5	122	1	4	1	0.45196	0.74791	0.51239	0.30726
5	123	1	2	1	0.46976	0.7212	0.50553	0.29633
5	124	1	2	1	0.49744	0.72772	0.47922	0.32832
5	125	1	4	1	0.48511	0.70999	0.44181	0.35508
5	126	1	2	1	0.49698	0.72154	0.4094	0.33259
5	127	1	2	0	0.55174	0.72168	0.34913	0.29959
5	128	1	2	1	0.56839	0.74423	0.36314	0.29836
5	129	1	2	1	0.56329	0.74977	0.30709	0.29901
5	130	1	4	0	0.53117	0.71506	0.30289	0.29889
5	131	1	2	1	0.53059	0.72266	0.29907	0.27074
5	132	2	4	0	0.52097	0.73037	0.31229	0.26118
5	133	1	2	1	0.52505	0.73778	0.30595	0.26641
5	134	1	2	1	0.51804	0.74373	0.29208	0.22722
5	135	1	4	0	0.50817	0.69914	0.29086	0.2444
5	136	1	2	0	0.46426	0.64347	0.29607	0.24786
5	137	1	2	1	0.45112	0.65173	0.28418	0.2684
5	138	1	2	1	0.46582	0.63202	0.27425	0.2506
5	139	1	2	1	0.52614	0.64221	0.30124	0.26622
5	140	1	2	1	0.48691	0.62286	0.24835	0.26166
5	141	1	2	1	0.49674	0.65637	0.26224	0.26184
5	142	1	2	1	0.50251	0.66832	0.27825	0.22906
5	143	1	2	0	0.52561	0.63081	0.2888	0.25572
5	144	1	2	0	0.5582	0.63455	0.31322	0.2142
5	145	1	1	0	0.56369	0.67699	0.28798	0.25044
5	146	1	2	0	0.59611	0.68733	0.30053	0.26272
5	147	2	4	0	0.62406	0.68451	0.27671	0.28084
5	148	2	3	0	0.62594	0.66005	0.2575	0.23694
5	149	1	2	1	0.60473	0.64258	0.26584	0.2
5	150	1	2	0	0.55418	0.64354	0.25955	0.2
5	151	1	2	1	0.49225	0.65877	0.22367	0.2
5	152	1	4	0	0.48977	0.67444	0.22502	0.2
5	153	1	2	1	0.49144	0.68793	0.23937	0.2251
5	154	1	2	1	0.51661	0.67634	0.25181	0.23167
5	155	1	3	0	0.49595	0.61461	0.27478	0.25776
5	156	1	2	0	0.51275	0.58055	0.29726	0.29554
5	157	1	2	1	0.54337	0.57698	0.34097	0.29997
5	158	1	2	0	0.54004	0.56746	0.33991	0.34567
5	159	1	2	1	0.5505	0.58749	0.37857	0.33782
5	160	1	2	0	0.55734	0.58047	0.31952	0.32997
5	161	1	2	1	0.57778	0.58586	0.32935	0.29741
5	162	1	3	0	0.61467	0.56721	0.34121	0.29956
5	163	1	2	0	0.61045	0.60386	0.33623	0.31601
5	164	1	2	1	0.61667	0.65245	0.37916	0.34916
5	165	1	4	0	0.60631	0.64049	0.37032	0.32187
5	166	1	4	1	0.56741	0.6463	0.39292	0.26194
5	167	1	4	1	0.55779	0.66226	0.35642	0.30488
5	168	1	2	1	0.60508	0.65471	0.33749	0.31078
5	169	2	4	0	0.58856	0.68126	0.3558	0.29629
5	170	1	4	0	0.6058	0.67863	0.36828	0.29849
5	171	1	4	0	0.63924	0.72809	0.37309	0.27935
5	172	1	2	0	0.61086	0.76142	0.32803	0.31131
5	173	1	4	0	0.56857	0.72348	0.4022	0.2991
5	174	1	2	1	0.57425	0.75776	0.38847	0.31192
5	175	1	2	1	0.58034	0.73465	0.38833	0.33734
5	176	1	3	1	0.54472	0.70354	0.39372	0.35991
5	177	1	3	0	0.58202	0.70963	0.34559	0.35314
5	178	1	2	1	0.55976	0.69322	0.34919	0.33378
5	179	1	2	0	0.58258	0.70533	0.3781	0.31117
5	180	1	2	1	0.55612	0.70875	0.43954	0.32156
5	181	1	3	1	0.56855	0.67537	0.44562	0.32888
5	182	1	4	1	0.59863	0.68329	0.42186	0.35163
5	183	1	3	0	0.60997	0.68519	0.4303	0.37683
5	184	1	2	0	0.60248	0.71019	0.41902	0.38277
5	185	1	2	1	0.59809	0.76062	0.43002	0.38323
5	186	1	4	1	0.6081	0.77644	0.47993	0.38275
5	187	1	2	1	0.61408	0.79223	0.45948	0.39387
5	188	1	2	0	0.60928	0.8	0.45733	0.43246
5	189	1	3	1	0.60294	0.78355	0.42614	0.43557
5	190	1	3	0	0.5558	0.78433	0.36131	0.4455
5	191	2	4	0	0.60722	0.77838	0.36265	0.45639
5	192	1	4	1	0.56958	0.74974	0.39301	0.46816
5	193	1	2	1	0.57706	0.73897	0.38343	0.45477
5	194	1	2	1	0.58157	0.70094	0.39122	0.42132
5	195	1	2	1	0.60293	0.70089	0.38323	0.39178
5	196	1	2	1	0.57593	0.66786	0.43664	0.4349
5	197	1	2	0	0.60465	0.64527	0.44414	0.40635
5	198	1	4	0	0.5616	0.64003	0.46539	0.42425
5	199	1	2	1	0.58718	0.58884	0.45605	0.43693
5	200	1	2	0	0.58107	0.59477	0.40883	0.42763
5	201	1	2	0	0.60801	0.56536	0.38925	0.43773
6	2	2	4	0	0.73844	0.64629	0.26467	0.27395
6	3	2	3	0	0.69228	0.64001	0.24449	0.2622
6	4	1	2	0	0.68433	0.59579	0.25212	0.29312
6	5	1	1	1	0.69212	0.58937	0.24595	0.3045
6	6	1	1	1	0.6607	0.53947	0.24873	0.32325
6	7	1	1	1	0.66944	0.47849	0.24066	0.2849
6	8	1	1	1	0.63452	0.50521	0.25215	0.28294
6	9	1	3	0	0.65345	0.53719	0.26617	0.28657
6	10	2	4	0	0.64699	0.52901	0.22662	0.27622
6	11	1	1	1	0.61869	0.5252	0.2135	0.26357
6	12	1	1	0	0.60212	0.53859	0.24008	0.24272
6	13	1	2	1	0.65511	0.58001	0.26076	0.25046
6	14	1	2	0	0.63622	0.5112	0.20641	0.28391
6	15	1	2	1	0.61028	0.53644	0.2	0.26336
6	16	1	2	1	0.60128	0.53024	0.22805	0.27728
6	17	1	2	0	0.65173	0.56066	0.2	0.25872
6	18	1	2	1	0.67288	0.5652	0.2	0.21137
6	19	1	2	1	0.66971	0.49274	0.2218	0.22404
6	20	1	2	0	0.68494	0.53305	0.22901	0.22827
6	21	1	2	0	0.70233	0.55296	0.2461	0.22885
6	22	2	2	1	0.70664	0.58177	0.2493	0.27281
6	23	2	4	0	0.68894	0.55935	0.20401	0.2927
6	24	1	2	0	0.63312	0.52932	0.2	0.25501
6	26	2	3	1	0.67007	0.49809	0.2	0.29855
6	27	2	1	1	0.70116	0.47996	0.20695	0.28267
6	28	2	1	1	0.71325	0.49454	0.2	0.26681
6	29	1	1	1	0.72645	0.43744	0.2	0.3196
6	30	1	1	1	0.74659	0.44562	0.2	0.31482
6	31	1	1	1	0.76222	0.42447	0.2	0.32081
6	32	1	1	1	0.73448	0.43376	0.2	0.34296
6	33	1	1	1	0.72797	0.43597	0.2	0.35101
6	34	1	1	1	0.75074	0.46387	0.2	0.37183
6	36	1	3	0	0.7328	0.45374	0.20442	0.42417
6	37	2	4	0	0.7252	0.48332	0.2	0.40393
6	38	1	1	1	0.73625	0.48365	0.2	0.41363
6	39	1	4	1	0.70231	0.49133	0.21054	0.38507
6	40	1	1	1	0.72107	0.49519	0.2	0.39185
6	41	1	4	0	0.71986	0.48078	0.24709	0.37263
6	42	1	1	1	0.7031	0.49023	0.2	0.3371
6	43	1	1	1	0.72264	0.50759	0.2	0.37898
6	44	1	1	1	0.71507	0.49493	0.20433	0.39462
6	45	1	1	1	0.7487	0.48231	0.21516	0.36209
6	46	1	4	1	0.77837	0.4936	0.2	0.37251
6	47	1	1	0	0.8	0.4782	0.21425	0.36112
6	48	1	4	0	0.79292	0.46445	0.21974	0.38153
6	49	2	4	0	0.79228	0.43	0.21181	0.33966
6	50	1	1	1	0.8	0.42849	0.21877	0.30777
6	51	1	1	1	0.8	0.41144	0.21003	0.32592
6	52	1	1	1	0.74326	0.40335	0.2	0.33955
6	53	1	1	0	0.75236	0.42683	0.2552	0.33861
6	54	1	1	0	0.77285	0.43779	0.28617	0.32257
6	55	1	2	1	0.78413	0.42864	0.31439	0.26735
6	56	1	2	1	0.75446	0.43688	0.29642	0.21333
6	57	1	4	0	0.75827	0.46732	0.29081	0.2
6	58	1	2	0	0.76712	0.44268	0.29863	0.20607
6	59	1	1	1	0.76093	0.46029	0.29629	0.22507
6	60	1	1	0	0.75172	0.4466	0.27871	0.20603
6	61	1	4	0	0.76716	0.45762	0.29448	0.20525
6	62	1	2	1	0.77346	0.48289	0.27256	0.2
6	63	1	2	0	0.78575	0.49385	0.28216	0.20283
6	64	1	3	0	0.8	0.53941	0.2776	0.2
6	65	1	3	0	0.79417	0.55878	0.26483	0.20866
6	66	1	2	1	0.8	0.55414	0.30446	0.21184
6	67	1	2	0	0.76477	0.53706	0.30028	0.21075
6	68	2	2	0	0.79557	0.50808	0.32894	0.24184
6	69	1	1	1	0.79729	0.50847	0.34599	0.2038
6	70	1	1	1	0.77915	0.52111	0.36398	0.2
6	71	1	1	1	0.75315	0.4976	0.37342	0.2
6	72	1	4	0	0.79673	0.52013	0.36636	0.2
6	73	1	1	1	0.79215	0.53026	0.36133	0.20624
6	74	1	1	1	0.79701	0.4543	0.3809	0.2
6	75	1	1	1	0.78056	0.44464	0.38713	0.2141
6	76	1	1	1	0.76446	0.46656	0.34142	0.2
6	77	1	3	1	0.74452	0.47535	0.3358	0.2
6	78	2	3	0	0.76853	0.48442	0.32546	0.21197
6	79	1	1	1	0.8	0.43554	0.32101	0.22591
6	80	1	1	1	0.8	0.41821	0.30145	0.23128
6	81	1	1	1	0.7939	0.41732	0.32749	0.23821
6	82	1	3	0	0.8	0.42489	0.40595	0.23603
6	83	1	1	1	0.772	0.37394	0.36878	0.2
6	84	1	1	1	0.8	0.38051	0.35345	0.20285
6	85	1	1	1	0.76923	0.37481	0.35245	0.21921
6	86	1	4	0	0.78747	0.3609	0.3549	0.21975
6	87	1	1	1	0.7787	0.36849	0.38117	0.21094
6	88	1	1	1	0.77307	0.36926	0.38108	0.22898
6	89	1	3	1	0.75185	0.354	0.37251	0.21602
6	90	1	3	1	0.73574	0.34884	0.37385	0.23082
6	91	1	1	1	0.75935	0.35762	0.36155	0.22633
6	92	1	3	0	0.7433	0.35534	0.38664	0.2
6	93	1	1	1	0.73787	0.38545	0.38875	0.24564
6	94	1	1	1	0.75313	0.388	0.36282	0.23557
6	95	1	1	1	0.76958	0.40559	0.35864	0.20505
6	96	1	1	0	0.74335	0.37624	0.33644	0.21493
6	97	1	3	1	0.76881	0.38935	0.31529	0.23183
6	98	1	3	1	0.8	0.44251	0.3035	0.29254
6	99	1	1	1	0.79365	0.46767	0.2849	0.29204
6	100	1	1	1	0.76134	0.45193	0.25515	0.333
6	101	1	1	1	0.75759	0.47852	0.28939	0.3302
6	102	1	1	1	0.74885	0.45144	0.32843	0.29179
6	103	1	3	0	0.746	0.47158	0.35982	0.25733
6	104	1	3	1	0.69118	0.51695	0.38424	0.2
6	105	1	1	1	0.70272	0.4799	0.41213	0.2
6	106	1	1	1	0.74316	0.49883	0.42373	0.22409
6	107	1	1	1	0.76885	0.49184	0.44116	0.2596
6	108	1	1	1	0.72596	0.45403	0.42147	0.29699
6	109	1	1	1	0.73449	0.46472	0.43617	0.25409
6	110	1	3	1	0.74143	0.43229	0.45642	0.26774
6	111	1	1	1	0.73912	0.41536	0.47221	0.28046
6	112	1	1	1	0.76965	0.4156	0.48204	0.28448
6	113	1	1	0	0.8	0.43366	0.4671	0.25635
6	114	1	3	0	0.8	0.44463	0.45515	0.23894
6	115	1	1	1	0.76283	0.42759	0.44516	0.26106
6	116	1	3	1	0.76396	0.39602	0.43198	0.26465
6	117	1	1	1	0.72628	0.40751	0.44361	0.23025
6	118	1	1	1	0.71607	0.41871	0.44249	0.22063
6	119	1	3	1	0.70541	0.43852	0.43407	0.20998
6	120	1	3	0	0.70211	0.43268	0.39145	0.21564
6	121	1	1	1	0.70631	0.43664	0.41911	0.21776
6	122	1	1	0	0.68467	0.50343	0.397	0.24363
6	123	2	1	0	0.66341	0.43698	0.40924	0.22622
6	124	2	3	0	0.66634	0.40102	0.37127	0.24413
6	125	1	1	1	0.67439	0.3999	0.35503	0.21975
6	126	2	3	0	0.64118	0.41188	0.36435	0.22777
6	127	1	4	0	0.61951	0.41806	0.29839	0.2
6	128	1	1	1	0.61455	0.40946	0.28627	0.20417
6	129	1	1	0	0.63085	0.36319	0.3193	0.23203
6	130	1	1	0	0.65582	0.38843	0.35002	0.22153
6	131	1	2	0	0.66217	0.33886	0.35366	0.2
6	132	1	1	1	0.68178	0.35875	0.3396	0.21985
6	133	1	1	1	0.65448	0.34927	0.361	0.21653
6	134	1	1	0	0.64916	0.3723	0.35015	0.2
6	135	1	4	0	0.62925	0.37902	0.38279	0.20361
6	136	1	1	0	0.59687	0.40627	0.42257	0.2
6	137	1	1	1	0.60549	0.42107	0.39855	0.2
6	138	1	1	0	0.62875	0.43311	0.41428	0.20039
6	139	1	4	0	0.59721	0.3936	0.43017	0.2
6	140	1	4	0	0.59071	0.34912	0.48425	0.20947
6	141	2	3	0	0.60092	0.34219	0.47539	0.2
6	142	1	3	0	0.59808	0.34948	0.43629	0.2
6	143	1	1	0	0.62534	0.41234	0.3883	0.20448
6	144	1	2	1	0.53923	0.44827	0.40399	0.20877
6	145	1	2	1	0.54857	0.46654	0.40463	0.24354
6	146	1	4	0	0.52858	0.4551	0.3712	0.30885
6	147	1	4	1	0.52064	0.43257	0.35697	0.30294
6	148	1	2	0	0.54765	0.41182	0.37944	0.29994
6	149	1	1	0	0.54236	0.37342	0.38255	0.29
6	150	1	4	0	0.54737	0.41134	0.43858	0.30156
6	151	2	3	1	0.54518	0.44957	0.48541	0.29498
6	152	2	3	0	0.54049	0.45317	0.52725	0.27868
6	153	1	2	0	0.53167	0.48579	0.53491	0.32645
6	154	1	3	0	0.56726	0.53268	0.52742	0.3149
6	155	2	3	1	0.52608	0.52041	0.53536	0.36929
6	156	2	2	1	0.5284	0.49763	0.55458	0.3797
6	157	1	3	0	0.50124	0.48963	0.54688	0.38372
6	158	1	2	0	0.49942	0.5344	0.5345	0.33314
6	159	1	3	1	0.53981	0.51409	0.52742	0.3483
6	160	2	3	0	0.53189	0.45857	0.54323	0.35816
6	161	1	3	0	0.5403	0.41014	0.56219	0.37759
6	162	2	3	0	0.48437	0.37569	0.56655	0.38003
6	163	2	3	1	0.48562	0.37159	0.52849	0.40983
6	164	2	2	1	0.51432	0.34938	0.5522	0.36539
6	165	1	2	0	0.50373	0.31786	0.55346	0.37918
6	166	1	3	1	0.50697	0.32369	0.53195	0.36926
6	167	1	3	0	0.50027	0.31776	0.55123	0.40146
6	168	2	3	1	0.49311	0.36849	0.54299	0.4182
6	169	2	3	0	0.46946	0.39455	0.55376	0.39565
6	170	1	2	1	0.45765	0.41354	0.53639	0.36544
6	171	1	2	0	0.48573	0.43632	0.57664	0.31938
6	172	2	3	0	0.49735	0.42353	0.52452	0.29386
6	173	1	2	1	0.48042	0.42558	0.49732	0.29756
6	174	1	4	0	0.48046	0.36183	0.5306	0.3231
6	175	1	3	0	0.42026	0.35278	0.49506	0.30487
6	176	2	3	0	0.35582	0.392	0.51456	0.30989
6	177	2	3	0	0.40432	0.4218	0.49302	0.3005
6	178	1	3	0	0.41173	0.45867	0.51064	0.34797
6	179	1	2	1	0.41262	0.47837	0.52873	0.34487
6	180	1	2	0	0.45323	0.49058	0.51499	0.33723
6	181	1	2	1	0.45695	0.48239	0.52702	0.32631
6	182	1	3	1	0.4087	0.48923	0.52477	0.29357
6	183	1	3	1	0.37603	0.45321	0.51015	0.29681
6	184	1	3	0	0.34802	0.45232	0.52372	0.29781
6	185	1	4	1	0.33154	0.43127	0.55039	0.28834
6	186	1	2	0	0.30693	0.43095	0.56428	0.31368
6	187	2	2	0	0.32836	0.44521	0.56101	0.324
6	188	1	1	0	0.33058	0.44933	0.59314	0.34103
6	189	2	4	0	0.37315	0.48423	0.55358	0.32311
6	190	2	3	1	0.38488	0.4916	0.53274	0.35724
6	191	2	3	0	0.31661	0.52983	0.50062	0.36964
6	192	1	1	1	0.30432	0.53627	0.48407	0.3694
6	193	1	1	0	0.31336	0.60341	0.45643	0.38103
6	194	2	4	0	0.2759	0.58892	0.51222	0.35864
6	195	1	3	0	0.29853	0.59536	0.49481	0.29334
6	196	1	1	0	0.29928	0.61646	0.47757	0.26909
6	197	1	2	0	0.32504	0.56206	0.48146	0.26988
6	198	1	1	1	0.31099	0.53143	0.4545	0.26122
6	199	1	1	0	0.31326	0.55127	0.45337	0.26451
6	200	2	4	0	0.35566	0.53366	0.46122	0.22951
6	201	2	1	0	0.31696	0.49235	0.45925	0.21454
7	2	1	2	1	0.73652	0.77382	0.28119	0.41581
7	3	1	2	1	0.73617	0.72485	0.33184	0.39733
7	4	1	2	1	0.73024	0.74529	0.34602	0.40709
7	5	1	2	0	0.75685	0.75935	0.35679	0.43301
7	6	1	2	1	0.72626	0.7789	0.3369	0.40037
7	7	1	4	0	0.74553	0.76397	0.32571	0.4309
7	8	1	3	1	0.77443	0.72212	0.35922	0.41842
7	9	1	1	1	0.77449	0.75619	0.34035	0.4397
7	10	1	3	0	0.8	0.7567	0.35428	0.46373
7	11	2	3	1	0.77508	0.69086	0.37354	0.47258
7	12	2	3	0	0.76829	0.67967	0.40001	0.50458
7	13	1	1	0	0.76672	0.69934	0.41569	0.5421
7	14	2	4	0	0.77127	0.71321	0.37702	0.5448
7	15	1	2	0	0.77979	0.68525	0.36089	0.55744
7	16	1	1	0	0.76202	0.71828	0.41109	0.5703
7	17	1	2	0	0.78828	0.71386	0.44286	0.60376
7	18	2	1	1	0.78199	0.74743	0.44158	0.59931
7	19	2	1	1	0.8	0.7754	0.47841	0.56621
7	20	2	1	1	0.77974	0.78389	0.42621	0.54334
7	21	2	3	0	0.77194	0.8	0.42647	0.55248
7	22	2	1	1	0.77586	0.78019	0.42254	0.56588
7	23	2	3	0	0.76585	0.77611	0.42221	0.54927
7	24	2	1	1	0.76275	0.78298	0.39476	0.53483
7	25	2	4	1	0.7644	0.8	0.36015	0.50291
7	26	2	4	1	0.6958	0.77858	0.37691	0.47691
7	27	2	4	1	0.68262	0.8	0.36378	0.46858
7	28	2	4	0	0.6817	0.78741	0.34606	0.45713
7	29	2	4	1	0.63409	0.7914	0.34804	0.42898
7	30	2	4	0	0.62849	0.72416	0.34811	0.38981
7	31	2	4	1	0.62123	0.72053	0.3406	0.42393
7	32	2	4	0	0.60729	0.72962	0.3686	0.43583
7	33	1	1	0	0.63289	0.73121	0.36294	0.44422
7	34	1	2	1	0.66452	0.70818	0.38126	0.50299
7	35	1	4	1	0.65276	0.69137	0.34886	0.4978
7	36	1	4	0	0.67635	0.67695	0.36245	0.48723
7	37	1	2	1	0.6364	0.72169	0.37522	0.46262
7	38	1	2	0	0.62136	0.68738	0.37165	0.50667
7	39	1	2	0	0.62684	0.66038	0.3311	0.4098
7	40	2	4	1	0.62214	0.66569	0.30715	0.39592
7	41	2	1	1	0.64773	0.65643	0.32032	0.41724
7	42	2	4	0	0.62275	0.63917	0.30505	0.42642
7	43	2	2	0	0.62059	0.60141	0.28548	0.37703
7	44	2	4	0	0.61911	0.58772	0.32664	0.37639
7	45	1	1	1	0.59969	0.56746	0.32019	0.41392
7	46	1	3	0	0.60794	0.56318	0.33423	0.41813
7	47	1	1	1	0.58478	0.55692	0.30522	0.42107
7	48	1	1	1	0.59251	0.52936	0.31046	0.42059
7	49	1	1	0	0.62059	0.52717	0.28554	0.43034
7	50	1	3	0	0.6537	0.58194	0.31337	0.4118
7	51	1	1	1	0.67234	0.59347	0.33659	0.42892
7	52	1	4	0	0.68842	0.60563	0.31471	0.44322
7	53	1	3	0	0.64103	0.6188	0.3388	0.46047
7	54	1	1	0	0.64114	0.62285	0.37748	0.42213
7	55	1	3	0	0.59619	0.62455	0.40678	0.41438
7	56	2	4	0	0.61538	0.57985	0.42666	0.43971
7	57	2	3	0	0.60028	0.56839	0.42793	0.45859
7	58	1	2	1	0.60161	0.55339	0.43555	0.46169
7	59	1	4	0	0.56162	0.53272	0.42529	0.4359
7	60	1	2	0	0.55868	0.52705	0.4066	0.45736
7	61	1	4	1	0.58758	0.56185	0.43095	0.48555
7	62	1	2	1	0.63743	0.55867	0.43084	0.49401
7	63	1	2	0	0.63078	0.52857	0.47546	0.4925
7	64	2	1	1	0.66642	0.52672	0.47409	0.51444
7	65	2	4	1	0.63518	0.50386	0.52161	0.46751
7	66	2	4	1	0.64562	0.46239	0.51872	0.47957
7	67	2	4	0	0.64799	0.47066	0.52357	0.45758
7	68	2	4	0	0.667	0.46017	0.53543	0.48102
7	69	1	3	0	0.63757	0.46475	0.51101	0.47566
7	70	1	1	0	0.64153	0.46559	0.5019	0.49674
7	71	1	2	1	0.65082	0.46107	0.50177	0.46355
7	72	1	2	0	0.69254	0.45669	0.48715	0.4624
7	73	1	2	1	0.70784	0.45809	0.45837	0.45079
7	74	2	4	1	0.68494	0.50599	0.4562	0.46241
7	75	1	2	1	0.665	0.48582	0.41982	0.45064
7	76	1	2	0	0.62657	0.47462	0.40381	0.49046
7	77	1	2	1	0.63548	0.45809	0.43495	0.51459
7	78	1	2	1	0.62649	0.45812	0.44179	0.52481
7	79	1	2	0	0.63757	0.44622	0.43598	0.49922
7	80	1	4	1	0.67383	0.43832	0.4147	0.49838
7	81	2	4	0	0.67993	0.40577	0.46088	0.45564
7	82	1	2	0	0.67973	0.40914	0.49205	0.4278
7	83	1	1	0	0.70219	0.4152	0.51664	0.38622
7	84	2	3	0	0.67299	0.4017	0.52281	0.38776
7	85	2	4	0	0.68044	0.43412	0.51532	0.37247
7	86	1	2	0	0.68635	0.37774	0.51596	0.37094
7	87	1	1	0	0.70487	0.42532	0.50949	0.33338
7	88	1	1	1	0.71384	0.40387	0.57109	0.33162
7	89	1	3	1	0.71681	0.41858	0.56217	0.35235
7	90	1	1	1	0.71665	0.43533	0.56571	0.3589
7	91	1	1	0	0.69869	0.4295	0.56662	0.34501
7	92	1	1	1	0.6688	0.42876	0.56326	0.33795
7	93	1	1	1	0.65901	0.40379	0.51785	0.31292
7	94	1	3	0	0.69655	0.47237	0.52794	0.28493
7	95	1	4	0	0.70413	0.48688	0.5342	0.28189
7	96	1	1	1	0.72048	0.47089	0.60726	0.28497
7	97	1	1	1	0.72608	0.48122	0.62543	0.32596
7	98	1	1	1	0.719	0.52294	0.63479	0.31364
7	99	1	1	0	0.75845	0.54401	0.6308	0.30227
7	100	1	1	1	0.77583	0.50055	0.58914	0.31341
7	101	1	1	1	0.7629	0.5101	0.60475	0.30806
7	102	1	1	1	0.75136	0.53288	0.60111	0.28629
7	103	1	4	0	0.7449	0.53476	0.63764	0.26279
7	104	1	1	1	0.75735	0.5178	0.60022	0.26465
7	105	1	1	1	0.74006	0.5208	0.6246	0.28593
7	106	1	4	0	0.74655	0.50826	0.62744	0.27347
7	107	2	1	0	0.73213	0.49834	0.6107	0.26635
7	108	1	1	0	0.74252	0.49545	0.58829	0.29655
7	109	2	3	1	0.75246	0.50399	0.57983	0.30671
7	110	2	3	1	0.75356	0.53978	0.58352	0.3279
7	111	2	3	1	0.74623	0.54892	0.61842	0.38178
7	112	2	1	1	0.73508	0.53497	0.62784	0.38015
7	113	2	3	1	0.67071	0.53694	0.60079	0.38059
7	114	2	3	1	0.65294	0.56661	0.61227	0.41993
7	115	2	3	0	0.6813	0.53256	0.57688	0.42939
7	116	2	3	0	0.65403	0.48876	0.56384	0.42955
7	117	1	2	0	0.65483	0.45313	0.58652	0.44558
7	118	2	3	0	0.62252	0.40745	0.56623	0.45398
7	119	2	4	0	0.61672	0.43266	0.54611	0.40321
7	120	1	1	0	0.62597	0.47728	0.55853	0.42995
7	121	1	1	1	0.62411	0.52183	0.51648	0.40554
7	122	1	1	0	0.61963	0.46424	0.51519	0.40227
7	123	1	4	1	0.64348	0.4852	0.5114	0.42042
7	124	1	1	1	0.64939	0.459	0.51596	0.44302
7	125	1	1	1	0.62903	0.46474	0.5682	0.42705
7	126	1	1	1	0.64059	0.44304	0.54478	0.43085
7	127	1	1	1	0.64861	0.45858	0.59115	0.45264
7	128	1	1	1	0.67555	0.44122	0.57081	0.45509
7	129	1	1	1	0.69338	0.48416	0.57055	0.41559
7	130	1	3	1	0.706	0.52255	0.58431	0.44688
7	131	1	1	1	0.68307	0.53763	0.58693	0.44044
7	132	1	1	1	0.74351	0.54766	0.56273	0.43455
7	133	1	1	1	0.79692	0.52775	0.58414	0.41248
7	134	1	3	1	0.8	0.54525	0.59477	0.39839
7	135	1	1	1	0.78379	0.51418	0.54199	0.39777
7	136	1	1	1	0.76691	0.50612	0.56284	0.41139
7	137	1	1	1	0.77781	0.51617	0.5476	0.36561
7	138	1	1	0	0.8	0.52935	0.55226	0.38513
7	139	1	1	1	0.77705	0.5329	0.50855	0.39285
7	140	1	1	1	0.8	0.53265	0.55625	0.42593
7	141	1	1	1	0.78731	0.54815	0.55623	0.4615
7	142	1	3	0	0.8	0.5041	0.54073	0.42958
7	143	1	1	1	0.79062	0.47687	0.57157	0.44331
7	144	1	1	1	0.79089	0.51494	0.59257	0.40092
7	145	1	4	0	0.8	0.54651	0.57069	0.40706
7	146	1	3	1	0.8	0.51781	0.5596	0.4409
7	147	1	1	1	0.8	0.51138	0.56482	0.42916
7	148	1	1	1	0.79077	0.51298	0.5507	0.4566
7	149	1	1	1	0.8	0.50618	0.5763	0.46124
7	150	1	1	1	0.78315	0.5093	0.54557	0.41467
7	151	1	1	1	0.76184	0.50378	0.51372	0.4155
7	152	1	1	1	0.8	0.51599	0.54876	0.4234
7	153	1	4	1	0.77191	0.50295	0.54092	0.41225
7	154	1	1	0	0.73744	0.53739	0.56046	0.41314
7	155	1	1	1	0.73295	0.52323	0.60109	0.39622
7	156	1	1	1	0.71701	0.56102	0.57213	0.37529
7	157	1	1	1	0.68905	0.56982	0.58759	0.36813
7	158	1	1	1	0.66678	0.5476	0.54347	0.39532
7	159	1	1	1	0.64494	0.49831	0.56258	0.41057
7	160	1	4	1	0.67528	0.52884	0.5608	0.42352
7	161	1	1	1	0.65777	0.52094	0.52869	0.40421
7	162	1	4	1	0.66188	0.5178	0.51787	0.40349
7	163	1	1	1	0.6381	0.5756	0.48972	0.38619
7	164	1	4	0	0.6234	0.58792	0.50411	0.40694
7	165	1	1	0	0.59122	0.56722	0.51712	0.40979
7	166	1	1	1	0.56838	0.58774	0.50826	0.41299
7	167	1	1	1	0.5784	0.59008	0.54381	0.40637
7	168	1	1	0	0.60385	0.60007	0.53611	0.4377
7	169	1	1	0	0.58775	0.58172	0.5346	0.43027
7	170	2	2	1	0.62321	0.55708	0.52841	0.46651
7	171	1	3	0	0.63522	0.53954	0.49567	0.44104
7	172	1	2	1	0.61149	0.53715	0.49165	0.39184
7	173	1	2	1	0.59542	0.5716	0.50583	0.36408
7	174	1	2	1	0.59577	0.55592	0.49924	0.35093
7	175	1	2	0	0.57984	0.54968	0.50682	0.35664
7	176	1	3	0	0.55362	0.52279	0.50539	0.38891
7	177	1	2	0	0.53257	0.51765	0.49096	0.37394
7	178	2	3	1	0.51265	0.48652	0.47513	0.33797
7	179	1	1	1	0.54152	0.48191	0.49638	0.28258
7	180	2	2	0	0.51037	0.44645	0.50537	0.29273
7	181	2	4	0	0.51899	0.47024	0.49558	0.30212
7	182	2	3	0	0.55107	0.44902	0.49999	0.31915
7	184	2	3	0	0.53488	0.41045	0.50085	0.24677
7	185	1	2	1	0.51874	0.40118	0.4794	0.23449
7	186	1	4	0	0.50501	0.35356	0.48161	0.21752
7	187	1	2	0	0.51149	0.30729	0.4853	0.24047
7	188	1	3	1	0.51032	0.32082	0.51876	0.24294
7	189	1	3	1	0.49661	0.33353	0.54357	0.22793
7	190	2	2	0	0.507	0.32073	0.57431	0.22494
7	191	2	3	0	0.52917	0.31669	0.53771	0.22422
7	192	2	4	0	0.4745	0.28164	0.58907	0.23844
7	193	1	3	0	0.46175	0.31539	0.56068	0.25404
7	194	1	1	1	0.46292	0.35015	0.49346	0.26066
7	195	1	1	1	0.47478	0.30222	0.49708	0.24947
7	196	1	1	1	0.45377	0.31007	0.50207	0.23864
7	197	1	1	1	0.43098	0.27325	0.5128	0.2
7	198	1	3	1	0.44254	0.29017	0.50301	0.2
7	199	1	1	0	0.4086	0.28842	0.50102	0.20853
7	200	2	3	1	0.40769	0.24911	0.51045	0.20608
7	201	2	3	1	0.41026	0.23245	0.5347	0.2
8	2	2	1	1	0.72272	0.36159	0.66489	0.27837
8	3	1	2	1	0.71968	0.36712	0.68895	0.30518
8	4	2	4	0	0.72708	0.34154	0.69245	0.3467
8	5	2	3	0	0.75828	0.38545	0.69597	0.34304
8	6	1	2	1	0.76986	0.38524	0.72058	0.32163
8	7	1	2	1	0.76545	0.40963	0.73387	0.34507
8	8	1	2	1	0.7734	0.39018	0.76278	0.31589
8	9	1	2	0	0.78821	0.40092	0.72354	0.33535
8	10	2	4	0	0.74599	0.38238	0.71034	0.33525
8	11	1	2	0	0.73145	0.3622	0.71513	0.34081
8	12	1	1	1	0.76426	0.39595	0.77204	0.32657
8	13	2	2	1	0.76519	0.34091	0.77712	0.31212
8	14	2	2	0	0.8	0.35002	0.71746	0.31764
8	15	2	4	0	0.8	0.39403	0.75616	0.2627
8	16	1	2	1	0.7785	0.35638	0.72783	0.28618
8	17	1	4	0	0.75761	0.35088	0.73161	0.26425
8	18	1	2	0	0.71263	0.33098	0.77363	0.21803
8	19	1	1	1	0.71657	0.35143	0.77443	0.20496
8	20	1	1	1	0.72809	0.39404	0.75392	0.22908
8	21	1	4	0	0.71511	0.39616	0.74218	0.2512
8	22	1	4	0	0.71898	0.42119	0.73278	0.20837
8	23	1	1	1	0.69772	0.43582	0.74177	0.2
8	24	1	1	0	0.68991	0.46405	0.70513	0.20777
8	25	1	1	0	0.68773	0.42401	0.68911	0.2
8	26	1	1	1	0.72672	0.40715	0.70028	0.2
8	27	1	1	1	0.73579	0.46605	0.64975	0.22909
8	28	1	1	1	0.78535	0.49908	0.62345	0.29034
8	29	1	1	1	0.78645	0.53396	0.63025	0.26708
8	30	1	1	0	0.8	0.57474	0.62491	0.27928
8	31	1	2	0	0.8	0.55664	0.59219	0.25888
8	32	1	1	1	0.77736	0.51533	0.56281	0.28132
8	33	1	3	1	0.78572	0.49382	0.58043	0.28552
8	34	1	2	1	0.8	0.48829	0.60231	0.26588
8	35	1	2	0	0.7994	0.51443	0.58259	0.22521
8	36	1	2	1	0.8	0.51975	0.57607	0.27626
8	37	1	1	1	0.73863	0.45143	0.56481	0.30938
8	38	1	3	0	0.74349	0.46602	0.53322	0.32414
8	39	2	1	1	0.78366	0.45325	0.49959	0.3419
8	40	2	3	0	0.75988	0.47175	0.49019	0.37422
8	41	2	4	0	0.75219	0.46767	0.48061	0.37156
8	42	1	1	1	0.79631	0.46215	0.50231	0.3728
8	43	1	1	1	0.79028	0.4427	0.51929	0.40784
8	44	1	4	1	0.77799	0.41938	0.46929	0.44665
8	45	1	1	1	0.8	0.46747	0.44668	0.44329
8	46	1	1	1	0.7941	0.42631	0.45533	0.45917
8	47	1	1	1	0.7867	0.45833	0.48318	0.44614
8	48	1	2	1	0.78057	0.47779	0.49572	0.46559
8	49	1	2	1	0.75523	0.4499	0.52687	0.44407
8	50	1	1	1	0.76751	0.45794	0.52563	0.46388
8	51	1	4	0	0.73705	0.40908	0.55823	0.47995
8	52	1	1	1	0.74353	0.3851	0.57003	0.45614
8	53	1	1	1	0.74428	0.35783	0.5685	0.50084
8	54	1	1	1	0.73822	0.34854	0.55082	0.48659
8	55	1	1	0	0.70796	0.35846	0.56603	0.50308
8	56	1	1	1	0.70021	0.33682	0.55176	0.50902
8	57	2	4	0	0.68065	0.38184	0.54209	0.51248
8	58	1	1	0	0.70286	0.38027	0.55712	0.5348
8	59	1	3	1	0.73473	0.36571	0.56786	0.53329
8	60	1	3	0	0.73215	0.39102	0.57982	0.55559
8	61	2	1	0	0.75962	0.3911	0.54845	0.54965
8	62	2	4	0	0.8	0.44048	0.5297	0.53859
8	63	1	1	1	0.8	0.40466	0.52765	0.54916
8	64	1	1	0	0.77938	0.41566	0.5246	0.59296
8	65	1	3	0	0.75575	0.37063	0.51426	0.60145
8	66	1	4	0	0.74651	0.40092	0.5261	0.58375
8	67	1	1	0	0.72621	0.37283	0.53563	0.56422
8	68	1	1	1	0.75576	0.38204	0.53792	0.55336
8	69	1	1	0	0.75841	0.41184	0.53299	0.53414
8	70	1	4	1	0.77846	0.39225	0.51454	0.58763
8	71	1	2	1	0.74423	0.38544	0.5424	0.58411
8	72	1	1	1	0.73713	0.42122	0.5801	0.57288
8	73	1	4	1	0.74995	0.41	0.55732	0.61644
8	74	1	1	1	0.71944	0.44072	0.59852	0.63972
8	75	1	1	1	0.70632	0.43435	0.62256	0.67195
8	76	1	1	0	0.7103	0.46444	0.61044	0.66563
8	77	1	1	1	0.7446	0.4446	0.62344	0.68054
8	78	1	1	1	0.75614	0.41919	0.6287	0.68762
8	79	1	1	1	0.75506	0.38343	0.62226	0.65367
8	80	1	1	1	0.75653	0.38598	0.60912	0.66087
8	81	1	4	0	0.73538	0.42836	0.62309	0.66879
8	82	1	1	1	0.75823	0.44314	0.6169	0.62751
8	83	2	4	0	0.79074	0.456	0.63763	0.61644
8	84	1	1	1	0.78747	0.44861	0.65821	0.61868
8	85	1	1	0	0.79994	0.44257	0.63397	0.61364
8	86	1	4	0	0.79493	0.44211	0.60813	0.59908
8	87	1	1	0	0.79839	0.40118	0.54373	0.57622
8	88	1	3	1	0.78054	0.38787	0.53546	0.57043
8	89	1	2	0	0.8	0.40677	0.51008	0.55589
8	90	1	4	0	0.8	0.39744	0.49598	0.54377
8	91	1	1	1	0.76859	0.38977	0.49369	0.54716
8	92	1	1	1	0.8	0.41353	0.49306	0.53437
8	93	1	1	1	0.74998	0.4016	0.48395	0.56719
8	94	1	1	1	0.71606	0.42625	0.42105	0.54828
8	95	1	1	0	0.76205	0.4315	0.36728	0.54724
8	96	1	1	1	0.76019	0.45926	0.40119	0.499
8	97	1	1	1	0.72664	0.45703	0.39698	0.49327
8	98	2	3	0	0.72215	0.47076	0.34439	0.49322
8	99	1	3	1	0.69887	0.45542	0.28961	0.49125
8	100	1	3	0	0.7013	0.44834	0.24887	0.485
8	101	1	3	0	0.69343	0.45486	0.20955	0.4761
8	102	1	1	1	0.65582	0.46996	0.2	0.46113
8	103	1	1	0	0.63285	0.47212	0.2	0.48287
8	104	1	1	1	0.62979	0.47559	0.2	0.45542
8	105	1	1	1	0.63382	0.46579	0.2	0.461
8	106	2	4	1	0.61825	0.46631	0.2	0.50011
8	107	1	1	0	0.58195	0.48072	0.21164	0.50888
8	108	1	2	1	0.58192	0.47029	0.26596	0.54347
8	109	1	4	0	0.54768	0.47038	0.2649	0.52854
8	110	1	1	0	0.60211	0.48349	0.22934	0.53953
8	111	1	1	1	0.59398	0.44655	0.23532	0.53892
8	112	2	3	0	0.57221	0.49309	0.24537	0.52478
8	113	2	3	0	0.59708	0.47542	0.27066	0.53401
8	114	1	1	1	0.5744	0.44636	0.29851	0.51063
8	115	1	4	1	0.58123	0.42844	0.28975	0.5042
8	116	1	1	0	0.55918	0.40677	0.30295	0.48247
8	117	1	4	0	0.60221	0.39264	0.25755	0.48985
8	118	1	1	1	0.62322	0.38096	0.25997	0.47628
8	119	1	1	0	0.60216	0.40376	0.31645	0.47469
8	120	1	1	1	0.63668	0.38762	0.32407	0.50604
8	121	1	4	0	0.64281	0.37437	0.29351	0.49155
8	122	1	1	1	0.64757	0.40178	0.30047	0.53058
8	123	1	1	1	0.64206	0.48089	0.34117	0.51659
8	124	1	1	0	0.61338	0.48418	0.34044	0.52231
8	125	1	3	0	0.63249	0.48818	0.33356	0.54288
8	126	1	1	0	0.64622	0.50893	0.3428	0.56352
8	127	2	4	0	0.65173	0.5071	0.34521	0.56125
8	128	1	1	1	0.6364	0.49866	0.31433	0.49489
8	129	1	1	1	0.6426	0.51138	0.30761	0.49526
8	130	1	3	0	0.65601	0.51237	0.33386	0.49921
8	132	1	1	1	0.70711	0.53832	0.30634	0.51059
8	133	1	1	0	0.69874	0.56144	0.3293	0.51964
8	134	1	4	1	0.67403	0.56679	0.34472	0.55133
8	135	1	4	0	0.6696	0.58442	0.34797	0.54135
8	136	1	1	1	0.63877	0.59711	0.34372	0.51172
8	137	1	1	1	0.61784	0.63393	0.36052	0.52338
8	138	2	4	1	0.68505	0.66969	0.36838	0.51195
8	139	1	1	1	0.66854	0.66013	0.37246	0.52443
8	140	1	1	0	0.67228	0.64484	0.38002	0.51714
8	141	1	1	0	0.65464	0.58997	0.39632	0.56173
8	142	1	1	0	0.61896	0.5957	0.37331	0.58496
8	143	1	1	1	0.64018	0.59859	0.35183	0.58706
8	144	1	4	0	0.62543	0.63388	0.33652	0.561
8	145	1	3	1	0.61792	0.61865	0.30557	0.56444
8	146	1	1	1	0.64088	0.65857	0.36269	0.55997
8	147	1	3	1	0.66423	0.67844	0.31305	0.55433
8	148	1	1	1	0.6649	0.75876	0.30007	0.56184
8	149	1	1	0	0.64727	0.70167	0.27646	0.51868
8	150	2	4	1	0.66209	0.68147	0.25647	0.51973
8	151	1	1	1	0.64634	0.65699	0.26901	0.49803
8	152	1	4	1	0.65724	0.65722	0.25335	0.4673
8	153	1	2	1	0.65488	0.6575	0.26338	0.47573
8	154	1	3	0	0.65342	0.68414	0.25197	0.49104
8	155	2	1	1	0.64961	0.69631	0.27227	0.50288
8	156	1	3	0	0.64466	0.64614	0.29655	0.50133
8	157	1	1	1	0.63516	0.66127	0.26392	0.45544
8	158	1	1	1	0.65012	0.69597	0.26444	0.44891
8	159	1	1	1	0.63283	0.72946	0.25341	0.44042
8	160	1	1	0	0.62373	0.74285	0.26646	0.4657
8	161	1	2	0	0.64012	0.6942	0.25127	0.42213
8	162	1	1	1	0.62625	0.72194	0.27347	0.38954
8	163	1	1	1	0.65363	0.73949	0.25458	0.42168
8	164	1	1	1	0.62054	0.70957	0.25526	0.39074
8	165	2	4	1	0.61797	0.72743	0.24834	0.39418
8	166	1	1	1	0.62556	0.73738	0.22064	0.40057
8	167	1	1	0	0.60339	0.71756	0.2	0.39676
8	168	1	1	1	0.58168	0.71372	0.21836	0.38182
8	169	1	4	0	0.62985	0.75977	0.2	0.38573
8	170	1	1	1	0.65444	0.72687	0.2	0.44398
8	171	1	1	0	0.67974	0.71431	0.20057	0.4605
8	172	1	1	1	0.72836	0.69795	0.2	0.42323
8	173	1	1	1	0.69442	0.67182	0.2	0.41072
8	174	1	1	0	0.68041	0.71198	0.2	0.42484
8	175	1	1	1	0.68333	0.72709	0.2	0.39269
8	176	1	1	1	0.67668	0.71537	0.2	0.38646
8	177	1	1	0	0.65651	0.72791	0.2	0.39812
8	178	1	4	1	0.711	0.75634	0.2	0.38376
8	179	1	1	1	0.71544	0.72615	0.2	0.34603
8	180	1	1	0	0.72974	0.74606	0.22999	0.31491
8	181	2	2	1	0.70108	0.7698	0.25176	0.30004
8	182	1	1	1	0.67697	0.74005	0.24558	0.29188
8	183	1	1	1	0.76022	0.73588	0.27982	0.29037
8	184	2	2	1	0.72328	0.73178	0.29401	0.27617
8	185	2	3	0	0.73633	0.7141	0.3185	0.32137
8	186	1	1	1	0.71002	0.7047	0.3316	0.28957
8	187	1	1	0	0.75527	0.70136	0.34886	0.30559
8	188	1	1	1	0.78373	0.68291	0.3439	0.28045
8	189	1	1	0	0.7765	0.64914	0.36649	0.25248
8	190	1	1	1	0.78414	0.6469	0.3685	0.25279
8	191	1	3	1	0.78078	0.61753	0.33387	0.26636
8	192	1	1	1	0.77767	0.63941	0.36395	0.27625
8	193	1	3	0	0.76366	0.6321	0.35046	0.24559
8	194	1	1	1	0.7597	0.64028	0.36988	0.21377
8	195	1	4	0	0.73823	0.66169	0.32258	0.2
8	196	1	1	1	0.73748	0.64822	0.31795	0.2
8	197	1	1	1	0.75941	0.62476	0.2908	0.2
8	198	1	1	1	0.77609	0.66111	0.32098	0.2278
8	199	1	1	0	0.77967	0.62898	0.34737	0.22289
8	200	1	4	0	0.73928	0.63717	0.33916	0.22653
8	201	1	1	1	0.78518	0.6633	0.30215	0.23086
9	1	1	3	0	0.75589	0.74958	0.4954	0.50785
9	2	1	4	0	0.77074	0.74753	0.49091	0.51417
9	3	2	3	0	0.75312	0.7488	0.51292	0.51973
9	4	2	4	1	0.75142	0.73553	0.49914	0.51276
9	5	2	2	1	0.75532	0.74618	0.51337	0.54812
9	6	2	4	0	0.7778	0.75498	0.50815	0.57844
9	7	2	2	1	0.8	0.79755	0.54204	0.61636
9	8	2	3	1	0.8	0.8	0.5334	0.58682
9	9	1	2	1	0.79834	0.8	0.49191	0.61194
9	10	1	2	1	0.8	0.8	0.49474	0.59715
9	11	1	3	0	0.79249	0.8	0.51127	0.59645
9	12	1	2	1	0.75369	0.8	0.50994	0.59665
9	13	2	4	0	0.76151	0.79994	0.53482	0.58578
9	14	1	2	1	0.74082	0.8	0.53074	0.54457
9	15	1	3	0	0.72549	0.79943	0.52863	0.5383
9	16	1	2	1	0.70023	0.8	0.53768	0.52082
9	17	1	3	1	0.73274	0.8	0.53512	0.50637
9	18	1	2	1	0.72325	0.8	0.51422	0.47233
9	19	1	2	1	0.6987	0.7603	0.52669	0.57786
9	20	1	2	1	0.70606	0.7665	0.50784	0.54725
9	21	1	3	0	0.74568	0.8	0.47528	0.48847
9	22	1	2	1	0.73602	0.71019	0.47623	0.46379
9	23	1	2	1	0.6995	0.78311	0.50349	0.45863
9	24	2	3	0	0.73815	0.78553	0.48827	0.51755
9	25	1	2	0	0.73645	0.8	0.46058	0.51965
9	26	1	2	1	0.70921	0.8	0.43961	0.46746
9	27	1	2	1	0.70937	0.79914	0.40737	0.52818
9	28	1	2	1	0.72713	0.79376	0.409	0.51479
9	29	1	2	1	0.74288	0.8	0.41613	0.5544
9	30	1	2	1	0.7556	0.78558	0.39214	0.61406
9	31	1	2	1	0.76292	0.8	0.40288	0.60137
9	32	1	2	1	0.78922	0.8	0.38361	0.56391
9	33	2	4	1	0.8	0.75956	0.33854	0.54354
9	34	2	1	1	0.8	0.74209	0.34263	0.53183
9	35	2	1	1	0.76504	0.6834	0.30965	0.49896
9	36	2	4	0	0.77918	0.67152	0.31268	0.50109
9	37	1	4	0	0.79817	0.67787	0.33283	0.51364
9	38	1	3	0	0.8	0.65923	0.32099	0.51672
9	39	1	2	1	0.79847	0.66575	0.28866	0.49839
9	40	1	2	1	0.8	0.62933	0.24114	0.46222
9	41	1	3	1	0.8	0.58321	0.25503	0.45842
9	42	1	3	0	0.8	0.55711	0.26149	0.43178
9	43	1	2	0	0.76933	0.54428	0.26785	0.45191
9	44	1	2	0	0.76406	0.56701	0.25289	0.4396
9	45	2	1	1	0.74421	0.53342	0.26598	0.44684
9	46	2	3	1	0.8	0.52758	0.2609	0.45764
9	47	2	3	1	0.77372	0.53752	0.28265	0.40529
9	48	2	3	1	0.7658	0.52954	0.28731	0.40651
9	49	2	3	1	0.78144	0.52903	0.29352	0.37285
9	50	2	3	0	0.76062	0.50885	0.27632	0.38626
9	51	1	2	1	0.77829	0.50797	0.25896	0.43098
9	52	1	3	0	0.79212	0.48195	0.2946	0.42884
9	53	2	3	1	0.7989	0.48888	0.27181	0.44709
9	54	1	1	0	0.8	0.47165	0.28961	0.47398
9	55	2	3	0	0.76304	0.48877	0.28486	0.45241
9	56	2	3	1	0.76383	0.48391	0.2639	0.48111
9	57	2	3	0	0.77142	0.42317	0.21136	0.47006
9	58	1	3	0	0.78932	0.43569	0.20504	0.4815
9	59	1	4	1	0.8	0.44924	0.21098	0.46179
9	60	1	2	0	0.8	0.42929	0.2	0.49275
9	61	1	2	0	0.8	0.4061	0.20125	0.50836
9	62	2	2	1	0.7939	0.43189	0.2	0.45065
9	63	2	2	0	0.77599	0.42752	0.2	0.43872
9	64	1	2	1	0.7732	0.41677	0.22647	0.40868
9	65	2	4	0	0.78238	0.43176	0.22137	0.41566
9	66	2	3	0	0.76354	0.45853	0.24257	0.41647
9	67	1	4	0	0.74726	0.45721	0.2302	0.42024
9	68	1	3	1	0.71946	0.39431	0.25842	0.3981
9	69	1	1	1	0.7615	0.3867	0.23508	0.41493
9	70	1	3	0	0.769	0.40698	0.21787	0.4461
9	71	1	1	1	0.7758	0.38461	0.27463	0.50449
9	72	2	4	1	0.75578	0.3849	0.28129	0.51699
9	73	1	4	0	0.75883	0.37006	0.27127	0.51168
9	74	1	1	0	0.77596	0.34578	0.20299	0.4647
9	75	2	3	0	0.79787	0.36426	0.2	0.45844
9	76	1	1	1	0.79981	0.34511	0.20752	0.45614
9	77	2	4	1	0.8	0.27499	0.2198	0.4812
9	78	1	1	1	0.8	0.27516	0.20862	0.49358
9	79	2	1	1	0.8	0.24672	0.2	0.47946
9	80	2	1	1	0.76502	0.24829	0.21118	0.4635
9	81	2	4	0	0.77632	0.27321	0.20222	0.45215
9	82	2	3	1	0.77724	0.24133	0.22068	0.46303
9	83	2	3	0	0.75954	0.25195	0.2	0.46168
9	84	2	4	1	0.75151	0.23705	0.22881	0.49423
9	85	1	1	1	0.75631	0.2	0.2	0.44735
9	86	1	1	1	0.7591	0.2	0.20426	0.48861
9	87	1	1	1	0.69645	0.2	0.21528	0.50524
9	88	1	4	1	0.64578	0.2	0.2	0.51599
9	89	1	1	0	0.61847	0.24198	0.2	0.51325
9	90	1	4	1	0.60891	0.22231	0.20642	0.52709
9	91	2	1	1	0.56935	0.2	0.2	0.53635
9	92	2	4	0	0.59362	0.22588	0.20084	0.50491
9	93	1	4	0	0.58413	0.22833	0.20064	0.52309
9	94	1	1	0	0.59485	0.28355	0.2	0.53893
9	95	1	3	0	0.63423	0.26507	0.2	0.52302
9	96	2	3	0	0.60383	0.2807	0.2	0.51331
9	97	1	2	0	0.58153	0.28407	0.2	0.50771
9	98	1	3	0	0.58763	0.30448	0.20177	0.51951
9	99	1	1	0	0.60168	0.29137	0.22474	0.5328
9	100	2	4	0	0.60534	0.30633	0.22142	0.5267
9	101	2	4	0	0.61744	0.32021	0.2	0.51496
9	102	1	2	0	0.60371	0.33654	0.2	0.48967
9	103	1	2	1	0.61568	0.31611	0.24811	0.48848
9	104	2	2	1	0.64658	0.29741	0.23902	0.49939
9	105	2	4	0	0.63724	0.34588	0.24255	0.54398
9	106	1	3	1	0.68848	0.34246	0.21635	0.59986
9	107	1	2	0	0.70055	0.35615	0.22945	0.65007
9	108	1	2	1	0.72668	0.4019	0.22144	0.67431
9	109	1	2	0	0.73614	0.37601	0.22303	0.65517
9	110	2	4	0	0.70871	0.38318	0.21633	0.64814
9	111	2	3	0	0.72082	0.4259	0.22911	0.64106
9	112	1	1	1	0.74365	0.39062	0.2159	0.67835
9	113	2	4	0	0.74488	0.42965	0.21564	0.64292
9	114	1	1	0	0.76232	0.43526	0.23636	0.66444
9	115	2	1	1	0.77108	0.43833	0.21982	0.72201
9	116	1	4	1	0.7764	0.38469	0.2197	0.68629
9	117	2	4	1	0.76204	0.37327	0.22346	0.73047
9	118	2	4	1	0.73289	0.37751	0.24291	0.76032
9	119	2	4	1	0.68179	0.37169	0.26213	0.7443
9	120	2	4	1	0.66835	0.38497	0.29941	0.77099
9	121	2	1	0	0.69142	0.35369	0.32598	0.75279
9	122	2	4	1	0.67488	0.37777	0.34756	0.7462
9	123	2	2	0	0.68119	0.34416	0.31133	0.73815
9	124	2	4	1	0.66546	0.35682	0.29042	0.77882
9	125	2	4	0	0.67253	0.39233	0.31288	0.8
9	127	1	1	1	0.66914	0.36629	0.3453	0.73957
9	128	2	4	1	0.61275	0.37034	0.35161	0.75057
9	129	2	4	1	0.62213	0.36436	0.33584	0.72704
9	130	2	4	1	0.62269	0.34953	0.30498	0.76824
9	131	1	2	0	0.60851	0.32652	0.30339	0.72964
9	132	2	4	1	0.60786	0.32857	0.29987	0.72062
9	133	2	4	1	0.58617	0.33267	0.3049	0.69372
9	134	2	1	1	0.56321	0.33668	0.30934	0.63765
9	135	2	1	1	0.56034	0.34	0.32951	0.62249
9	136	2	4	1	0.59695	0.35349	0.33372	0.64054
9	137	2	4	0	0.5942	0.33099	0.2794	0.68589
9	138	2	4	1	0.55607	0.27542	0.26988	0.68944
9	139	2	1	0	0.55672	0.2687	0.26835	0.71414
9	140	2	4	1	0.561	0.27377	0.26538	0.71706
9	141	2	4	1	0.57517	0.25666	0.28595	0.71656
9	142	2	1	1	0.61529	0.2424	0.26603	0.70067
9	143	2	4	1	0.64528	0.27415	0.22106	0.73397
9	144	2	1	0	0.61906	0.28121	0.23817	0.75352
9	145	2	4	1	0.66645	0.25274	0.27652	0.78179
9	146	2	2	1	0.63504	0.22433	0.27043	0.78352
9	147	2	4	1	0.65923	0.22031	0.24342	0.8
9	148	2	2	0	0.66101	0.24213	0.2582	0.79169
9	149	2	4	0	0.68021	0.24563	0.27224	0.74907
9	150	2	2	0	0.64328	0.24075	0.23307	0.70195
9	151	2	2	0	0.65067	0.22962	0.23184	0.70443
9	152	1	3	0	0.67629	0.2	0.26824	0.6873
9	153	1	2	0	0.70799	0.20293	0.26597	0.68027
9	154	1	1	1	0.72808	0.2	0.2558	0.69619
9	155	1	3	0	0.67266	0.2	0.26307	0.75591
9	156	1	4	1	0.66292	0.2	0.23587	0.79649
9	157	1	1	0	0.66732	0.20346	0.22775	0.79178
9	158	1	1	1	0.68327	0.20605	0.22413	0.78059
9	159	1	4	1	0.69984	0.2	0.20639	0.79022
9	160	1	1	1	0.67476	0.2	0.21937	0.76964
9	161	2	4	1	0.68327	0.21611	0.20076	0.7332
9	162	2	4	1	0.67228	0.20292	0.20451	0.72464
9	163	2	4	1	0.67515	0.25669	0.2	0.76848
9	164	2	4	1	0.63301	0.25602	0.2	0.77518
9	165	2	4	1	0.6279	0.28699	0.25009	0.76979
9	166	2	1	0	0.65378	0.28915	0.21989	0.76559
9	167	2	4	1	0.6211	0.31583	0.24256	0.79443
9	168	2	4	1	0.61409	0.30287	0.28766	0.8
9	169	2	4	1	0.65255	0.35784	0.29354	0.8
9	170	1	1	0	0.6344	0.31885	0.31769	0.79089
9	171	2	4	1	0.65216	0.33764	0.36155	0.76434
9	172	2	4	1	0.67819	0.39544	0.3474	0.74471
9	173	2	4	1	0.68263	0.40543	0.33819	0.74302
9	174	2	1	1	0.66787	0.37755	0.3207	0.77943
9	175	2	1	1	0.65956	0.36316	0.29664	0.76993
9	176	2	4	1	0.65754	0.35879	0.28283	0.7549
9	177	2	1	0	0.63822	0.38018	0.27172	0.8
9	178	1	4	0	0.63985	0.42095	0.2254	0.8
9	179	1	2	0	0.64619	0.42085	0.21304	0.75356
9	180	1	1	1	0.59991	0.42416	0.2385	0.75872
9	181	2	3	0	0.59123	0.44978	0.2418	0.7741
9	182	1	1	0	0.58685	0.47005	0.26321	0.76732
9	183	2	1	0	0.59901	0.50363	0.23276	0.75541
9	184	2	1	0	0.61453	0.50371	0.28101	0.75982
9	185	1	2	1	0.6131	0.53879	0.26269	0.74025
9	186	1	2	1	0.62768	0.50382	0.26046	0.71628
9	187	1	3	0	0.66219	0.52766	0.26739	0.70902
9	188	1	2	0	0.63736	0.56407	0.29745	0.72158
9	189	1	4	0	0.62284	0.55832	0.31837	0.72099
9	190	1	1	1	0.65609	0.53865	0.2909	0.69863
9	191	1	4	1	0.63598	0.56449	0.29165	0.74445
9	192	1	4	1	0.65425	0.55375	0.28118	0.76522
9	193	2	4	1	0.68603	0.57074	0.27263	0.76083
9	194	2	2	1	0.64706	0.56614	0.2661	0.76867
9	195	2	4	1	0.68318	0.51971	0.26064	0.74966
9	196	2	4	0	0.68059	0.497	0.25007	0.75177
9	197	2	2	1	0.68456	0.51478	0.30823	0.74594
9	198	1	2	0	0.71844	0.52649	0.33788	0.74639
9	199	2	4	1	0.71123	0.551	0.35148	0.74464
9	200	2	3	0	0.72001	0.52342	0.33865	0.72155
9	201	2	2	1	0.74859	0.49433	0.34542	0.70368
10	2	1	2	0	0.79533	0.61486	0.33702	0.64806
10	3	1	3	0	0.77911	0.60512	0.33215	0.66138
10	4	1	1	1	0.78337	0.61632	0.35911	0.63626
10	5	1	4	1	0.7892	0.61803	0.31638	0.62637
10	6	1	4	0	0.78802	0.6319	0.33504	0.61932
10	7	1	1	1	0.8	0.62275	0.35163	0.64329
10	8	1	1	1	0.8	0.67669	0.35841	0.6561
10	9	1	1	0	0.79212	0.63642	0.32298	0.65235
10	10	2	1	1	0.79185	0.65624	0.33595	0.61702
10	11	1	1	0	0.74926	0.72931	0.34746	0.58345
10	12	1	2	0	0.75632	0.76559	0.34628	0.58341
10	13	1	2	1	0.7639	0.74425	0.36349	0.58836
10	14	1	4	1	0.76054	0.77998	0.3378	0.60271
10	15	1	1	1	0.8	0.78498	0.35739	0.61118
10	16	1	1	1	0.8	0.8	0.35731	0.59052
10	17	1	1	1	0.8	0.78324	0.35449	0.58059
10	18	1	1	1	0.8	0.8	0.37265	0.5926
10	19	1	1	1	0.8	0.79256	0.37965	0.59253
10	20	1	2	1	0.8	0.8	0.36541	0.59428
10	21	1	3	1	0.8	0.77415	0.41601	0.60457
10	22	1	1	1	0.77449	0.77168	0.42524	0.55168
10	23	1	1	0	0.8	0.75067	0.38646	0.55036
10	24	2	3	1	0.8	0.7915	0.40166	0.48547
10	25	1	2	1	0.76914	0.8	0.42448	0.49218
10	26	1	4	0	0.77758	0.79562	0.44998	0.51029
10	27	1	1	1	0.8	0.8	0.42856	0.52042
10	28	1	4	0	0.8	0.8	0.4345	0.50575
10	29	1	1	1	0.8	0.75882	0.4448	0.48349
10	30	1	3	0	0.78175	0.8	0.40258	0.44428
10	31	1	1	1	0.76652	0.8	0.39384	0.39106
10	32	1	1	0	0.79291	0.78602	0.37873	0.40843
10	33	1	4	1	0.8	0.76245	0.39005	0.41561
10	34	1	1	1	0.76776	0.8	0.35845	0.37649
10	35	1	1	0	0.76479	0.8	0.38451	0.39538
10	36	1	1	1	0.78675	0.8	0.43522	0.37399
10	37	1	2	1	0.76881	0.8	0.42214	0.3937
10	38	1	1	1	0.76719	0.77319	0.46031	0.41895
10	39	1	1	1	0.76835	0.76873	0.48054	0.4191
10	40	1	3	1	0.73738	0.8	0.48358	0.43343
10	41	1	1	1	0.72322	0.8	0.47422	0.44369
10	42	1	2	1	0.71153	0.8	0.46335	0.42345
10	43	2	2	1	0.68255	0.8	0.45305	0.44001
10	44	1	1	1	0.69089	0.78104	0.47197	0.42788
10	45	1	4	0	0.66732	0.79469	0.44878	0.44591
10	46	1	3	1	0.65766	0.79189	0.46314	0.44544
10	47	1	1	0	0.5976	0.7684	0.47052	0.42774
10	48	1	1	0	0.55005	0.74119	0.42341	0.48673
10	49	1	1	0	0.53023	0.72798	0.41138	0.52417
10	50	2	4	1	0.52611	0.77921	0.39979	0.53658
10	51	1	3	0	0.49055	0.8	0.42019	0.55675
10	52	1	2	0	0.52201	0.8	0.38315	0.53647
10	53	1	4	1	0.48311	0.79404	0.38362	0.52962
10	54	1	1	1	0.47851	0.8	0.37604	0.53622
10	55	2	3	0	0.47114	0.78186	0.32555	0.54864
10	56	1	3	0	0.52498	0.8	0.34821	0.50809
10	57	2	3	1	0.5568	0.73854	0.32226	0.50379
10	58	1	1	1	0.59107	0.77508	0.35782	0.48549
10	59	1	2	1	0.57859	0.75152	0.36376	0.45497
10	60	1	2	1	0.58538	0.78769	0.35096	0.45682
10	61	1	2	1	0.5831	0.77991	0.36414	0.42087
10	62	1	2	0	0.62814	0.73505	0.34981	0.38763
10	63	2	2	1	0.6263	0.70483	0.30452	0.36641
10	64	2	4	1	0.59054	0.67293	0.31781	0.38955
10	65	1	1	1	0.59062	0.68057	0.37094	0.38191
10	66	2	2	0	0.6	0.69509	0.37937	0.3568
10	67	2	2	1	0.56786	0.66458	0.3822	0.36675
10	68	1	1	1	0.5604	0.70035	0.38482	0.35478
10	69	2	2	1	0.57104	0.71245	0.39957	0.35664
10	70	2	1	0	0.54359	0.71196	0.42378	0.3571
10	72	2	4	0	0.52826	0.71692	0.47957	0.39249
10	73	1	1	0	0.52679	0.7008	0.51601	0.41836
10	74	1	4	0	0.51832	0.69455	0.52682	0.45528
10	75	1	1	1	0.51664	0.69787	0.52532	0.41025
10	76	1	3	1	0.47841	0.70222	0.54519	0.40828
10	77	1	4	1	0.52181	0.7075	0.58058	0.4413
10	78	1	1	0	0.53371	0.70709	0.61293	0.43702
10	79	1	3	0	0.51187	0.69805	0.59148	0.41795
10	80	1	1	0	0.54662	0.71333	0.60554	0.38272
10	81	1	1	1	0.56164	0.69111	0.62202	0.35641
10	82	1	3	1	0.58091	0.68219	0.60688	0.36051
10	83	2	1	1	0.57962	0.68056	0.65021	0.36674
10	84	1	3	1	0.55223	0.72185	0.6166	0.38495
10	85	1	3	1	0.53855	0.73672	0.61654	0.40548
10	86	1	3	0	0.57337	0.74868	0.60743	0.41265
10	87	2	1	0	0.58888	0.77335	0.60741	0.42571
10	88	1	2	1	0.57303	0.74299	0.64668	0.39972
10	89	1	4	0	0.59801	0.76723	0.67844	0.37176
10	90	1	1	0	0.59176	0.76852	0.67096	0.35297
10	91	1	4	0	0.57924	0.77291	0.6587	0.31125
10	92	1	1	1	0.51333	0.72898	0.67478	0.32844
10	93	1	1	1	0.48641	0.7256	0.70118	0.32468
10	94	1	1	0	0.5281	0.75115	0.7171	0.31097
10	95	1	1	0	0.54681	0.72528	0.66602	0.3031
10	96	1	3	1	0.55095	0.75749	0.68133	0.27906
10	97	1	1	1	0.51773	0.75759	0.70518	0.28213
10	98	1	1	0	0.55385	0.74856	0.71976	0.32485
10	99	1	1	0	0.52698	0.73911	0.72153	0.34305
10	100	1	3	0	0.52457	0.68834	0.6949	0.33497
10	101	1	1	1	0.50922	0.70878	0.68	0.32982
10	102	2	1	1	0.48483	0.64737	0.69028	0.34193
10	103	2	1	0	0.45722	0.6843	0.7382	0.38723
10	104	1	1	0	0.40999	0.68738	0.71106	0.40523
10	105	2	4	1	0.40716	0.6782	0.72897	0.428
10	106	1	1	1	0.37528	0.64565	0.72724	0.41672
10	107	1	3	1	0.34385	0.62057	0.75223	0.40683
10	108	1	2	1	0.34604	0.63244	0.75108	0.39212
10	109	1	2	0	0.33945	0.59741	0.76341	0.40183
10	110	2	4	1	0.33353	0.64323	0.77437	0.41816
10	111	1	1	1	0.31872	0.64159	0.78477	0.39964
10	112	1	4	0	0.33592	0.63011	0.75495	0.40405
10	113	1	1	1	0.31717	0.66784	0.76968	0.42643
10	114	2	1	0	0.29305	0.64843	0.77733	0.43549
10	115	1	3	1	0.31068	0.65657	0.75338	0.4475
10	116	1	4	0	0.30067	0.63712	0.75722	0.44616
10	117	2	4	0	0.29281	0.63177	0.77055	0.45544
10	118	2	4	1	0.27562	0.63623	0.74456	0.49864
10	119	2	4	1	0.28123	0.6148	0.7298	0.50748
10	120	1	1	0	0.29372	0.60176	0.74845	0.48459
10	121	1	4	1	0.31879	0.61007	0.75153	0.51382
10	122	1	1	0	0.34325	0.6292	0.78053	0.49692
10	123	1	3	0	0.33735	0.59963	0.78052	0.45578
10	124	2	4	0	0.3061	0.6266	0.78756	0.43671
10	125	1	2	0	0.2692	0.61377	0.78148	0.46674
10	126	2	4	0	0.28086	0.60337	0.74509	0.49568
10	127	1	2	1	0.25623	0.61038	0.72673	0.50664
10	128	1	2	1	0.22991	0.60778	0.69596	0.50548
10	129	1	2	0	0.21403	0.62861	0.74918	0.56429
10	130	2	3	1	0.2	0.61951	0.74461	0.5241
10	131	1	2	0	0.2016	0.57322	0.73803	0.53287
10	132	2	2	1	0.2	0.57338	0.76688	0.57414
10	133	2	3	1	0.24192	0.54513	0.78845	0.5805
10	134	2	3	1	0.22449	0.53931	0.76575	0.54908
10	135	1	1	0	0.23756	0.49219	0.79371	0.58829
10	136	2	4	0	0.2	0.51495	0.8	0.59757
10	137	1	4	1	0.25076	0.50844	0.79613	0.56615
10	138	1	1	0	0.21233	0.51514	0.79756	0.56617
10	139	2	3	1	0.21396	0.53692	0.8	0.5165
10	140	1	2	1	0.24112	0.5471	0.79205	0.53283
10	141	1	1	0	0.2593	0.56942	0.79459	0.5476
10	142	1	2	1	0.26206	0.52408	0.8	0.54105
10	143	1	2	0	0.27497	0.5153	0.78909	0.49856
10	144	2	4	1	0.27226	0.48823	0.8	0.51845
10	145	1	3	1	0.25567	0.45553	0.79816	0.52488
10	146	1	1	1	0.25052	0.42584	0.8	0.5299
10	147	1	1	0	0.26973	0.42681	0.75384	0.53273
10	148	2	2	0	0.2731	0.42783	0.77287	0.53278
10	149	1	1	0	0.27367	0.44849	0.79407	0.55838
10	150	2	1	0	0.2931	0.49084	0.8	0.5316
10	151	1	3	0	0.28059	0.52164	0.74324	0.53733
10	152	1	1	0	0.28957	0.53893	0.75354	0.54824
10	153	2	3	1	0.28571	0.5029	0.75907	0.54966
10	154	1	1	0	0.31502	0.49518	0.76867	0.53628
10	155	1	2	1	0.32785	0.49781	0.7489	0.53514
10	156	1	1	1	0.40513	0.47091	0.77671	0.51453
10	157	1	1	1	0.43223	0.45748	0.77637	0.51789
10	158	1	3	1	0.46163	0.47294	0.74615	0.50768
10	159	2	4	0	0.46601	0.48429	0.74986	0.49598
10	160	2	2	0	0.47188	0.49195	0.71257	0.45374
10	161	2	1	1	0.44031	0.49121	0.68641	0.47482
10	162	2	3	0	0.41901	0.49526	0.70796	0.44658
10	163	2	4	1	0.43251	0.46366	0.70508	0.42232
10	164	1	2	1	0.41364	0.48043	0.70468	0.42756
10	165	1	2	1	0.40867	0.48836	0.7352	0.39318
10	166	1	2	1	0.38058	0.5313	0.7467	0.39111
10	167	2	2	1	0.36313	0.57037	0.70606	0.40742
10	168	2	1	1	0.35806	0.52469	0.72541	0.39842
10	169	2	1	1	0.3965	0.55552	0.70164	0.39636
10	170	1	4	1	0.39881	0.58211	0.7039	0.39538
10	171	1	2	0	0.40161	0.64315	0.66595	0.43253
10	172	1	2	1	0.40527	0.63142	0.68344	0.47814
10	173	1	2	1	0.41818	0.64688	0.68375	0.49872
10	174	2	4	1	0.43695	0.66292	0.67543	0.48242
10	175	2	3	1	0.39064	0.70592	0.72162	0.50853
10	176	2	3	1	0.41418	0.72227	0.7404	0.50848
10	177	1	4	0	0.42828	0.73365	0.74399	0.50729
10	178	1	1	0	0.4385	0.714	0.75182	0.52906
10	179	1	1	1	0.38462	0.71399	0.78125	0.51557
10	180	1	1	0	0.38243	0.6897	0.8	0.56269
10	181	1	2	1	0.41956	0.6537	0.78119	0.53999
10	182	1	3	1	0.46125	0.60926	0.78334	0.5355
10	183	1	4	1	0.5079	0.58234	0.79041	0.53978
10	185	2	3	1	0.58773	0.61974	0.77567	0.58005
10	186	2	1	1	0.56994	0.61598	0.77697	0.5845
10	187	1	4	1	0.58265	0.65108	0.75528	0.55322
10	188	1	1	1	0.61641	0.63525	0.73075	0.53583
10	189	2	3	0	0.61089	0.68513	0.74215	0.55119
10	190	1	4	0	0.67254	0.67502	0.74304	0.52344
10	191	2	3	1	0.71849	0.66315	0.75994	0.54305
10	192	1	2	1	0.73545	0.6294	0.79004	0.53427
10	194	2	1	0	0.76957	0.61338	0.74831	0.52514
10	195	1	3	0	0.73544	0.61721	0.75629	0.4949
10	196	1	2	1	0.7462	0.65698	0.72142	0.46658
10	197	1	2	0	0.74487	0.67712	0.70299	0.4334
10	198	1	4	0	0.75813	0.63902	0.7132	0.38684
10	199	1	3	1	0.77195	0.65874	0.73815	0.4148
10	200	2	4	0	0.75457	0.63628	0.72188	0.43059
10	201	1	2	1	0.72843	0.646	0.71037	0.46274
11	1	2	3	0	0.55043	0.5779	0.35359	0.35152
11	3	2	3	1	0.56558	0.52928	0.27501	0.34064
11	4	2	1	0	0.53392	0.562	0.31016	0.31646
11	5	2	3	1	0.53131	0.54329	0.26991	0.33176
11	6	2	2	0	0.51301	0.54949	0.31655	0.3123
11	7	2	2	1	0.49465	0.56101	0.30935	0.29295
11	8	2	3	1	0.49977	0.59981	0.32269	0.29142
11	9	2	2	1	0.5337	0.64168	0.27847	0.23984
11	10	2	2	1	0.54034	0.62302	0.28238	0.25339
11	11	2	3	0	0.54457	0.62412	0.2874	0.25673
11	12	2	3	0	0.56074	0.61232	0.31517	0.23104
11	13	2	1	0	0.52356	0.59777	0.32553	0.237
11	14	2	3	1	0.51113	0.58218	0.2904	0.24704
11	15	2	4	0	0.49545	0.58171	0.29121	0.22882
11	16	2	3	1	0.4855	0.57166	0.29957	0.24484
11	17	2	3	0	0.46832	0.58533	0.29036	0.26997
11	18	2	3	0	0.48141	0.5609	0.29432	0.20644
11	19	2	2	0	0.48431	0.57657	0.27478	0.22073
11	20	2	4	0	0.5241	0.57124	0.29602	0.24342
11	21	1	1	0	0.52299	0.60777	0.32382	0.27311
11	22	1	2	1	0.55617	0.6093	0.31869	0.25054
11	23	2	3	0	0.53125	0.56702	0.37266	0.23961
11	24	2	3	1	0.54199	0.54908	0.40232	0.24116
11	25	1	3	0	0.57052	0.54133	0.35003	0.22522
11	26	2	2	0	0.55783	0.57273	0.32456	0.2
11	27	1	1	1	0.58077	0.60062	0.32838	0.2236
11	28	1	1	1	0.55735	0.57087	0.29145	0.22587
11	29	1	1	1	0.57661	0.59907	0.24968	0.25374
11	30	1	4	0	0.54437	0.63611	0.24601	0.24774
11	31	1	1	0	0.52996	0.60176	0.21448	0.27302
11	32	2	3	0	0.50178	0.63469	0.2	0.24459
11	33	1	1	1	0.52212	0.64377	0.20389	0.2
11	34	1	4	0	0.49338	0.67082	0.2	0.2053
11	35	1	3	0	0.47172	0.66299	0.2	0.25588
11	36	1	1	1	0.48227	0.66312	0.21198	0.24343
11	37	1	1	1	0.4579	0.66234	0.2	0.2323
11	38	1	1	0	0.45205	0.60848	0.24113	0.28058
11	39	1	1	0	0.46492	0.65123	0.21024	0.2792
11	40	1	2	0	0.46757	0.63588	0.2	0.27274
11	41	2	2	0	0.46378	0.61741	0.2	0.20137
11	42	2	1	1	0.43549	0.60662	0.2191	0.25492
11	43	1	1	0	0.44882	0.58923	0.20251	0.23947
11	44	2	4	0	0.44739	0.61681	0.2209	0.26471
11	45	2	4	1	0.46384	0.59305	0.25319	0.24613
11	46	2	2	1	0.51119	0.59576	0.24912	0.24026
11	47	2	2	1	0.51119	0.61554	0.27732	0.25702
11	48	2	4	0	0.46991	0.64183	0.23582	0.22444
11	49	1	2	1	0.48296	0.63369	0.20535	0.27083
11	50	1	2	0	0.5426	0.70366	0.2	0.32619
11	51	2	4	0	0.50892	0.69992	0.2	0.32438
11	52	1	4	1	0.4954	0.71494	0.23481	0.31973
11	53	1	4	0	0.45152	0.75401	0.22295	0.31486
11	54	1	4	1	0.44303	0.76902	0.2	0.33248
11	55	1	2	1	0.44439	0.76276	0.2	0.35535
11	56	1	2	1	0.47164	0.77372	0.20991	0.30229
11	57	1	4	1	0.42252	0.76981	0.20823	0.27657
11	58	1	2	0	0.4626	0.77064	0.22131	0.23807
11	59	2	4	0	0.47876	0.74553	0.21937	0.2
11	60	1	2	0	0.47492	0.77258	0.21553	0.20372
11	61	2	1	1	0.50097	0.797	0.22088	0.2
11	62	2	1	0	0.54239	0.79098	0.2	0.21974
11	63	2	3	0	0.52331	0.79352	0.23114	0.23316
11	64	1	1	0	0.49528	0.76334	0.22954	0.25331
11	65	1	4	0	0.49876	0.73095	0.26264	0.27285
11	66	1	1	1	0.53242	0.72036	0.23656	0.25391
11	67	1	1	1	0.52189	0.67882	0.27964	0.2393
11	68	1	1	0	0.53176	0.68164	0.25737	0.27294
11	69	2	3	0	0.54291	0.73061	0.2078	0.27341
11	70	2	3	1	0.54529	0.72522	0.24896	0.28794
11	71	2	3	0	0.55668	0.75084	0.26641	0.26938
11	72	1	1	0	0.53982	0.71284	0.25302	0.27195
11	73	2	4	0	0.57059	0.72955	0.21981	0.28124
11	74	2	3	0	0.60017	0.75338	0.2	0.26189
11	75	2	3	0	0.56987	0.79254	0.23086	0.26063
11	76	2	4	1	0.53471	0.77639	0.25951	0.27258
11	77	1	2	1	0.577	0.75346	0.31801	0.28561
11	78	1	2	1	0.54832	0.71056	0.29922	0.29029
11	79	1	1	0	0.53751	0.7274	0.31287	0.29789
11	80	1	2	1	0.54485	0.71156	0.31588	0.2826
11	81	1	2	0	0.54433	0.69123	0.36089	0.26533
11	82	2	4	1	0.56687	0.76312	0.36796	0.23672
11	83	2	4	0	0.60786	0.7831	0.38363	0.23398
11	84	2	2	1	0.60936	0.78368	0.36804	0.23087
11	85	1	2	1	0.6211	0.74615	0.36371	0.20084
11	86	2	4	0	0.5845	0.77236	0.3	0.2
11	87	1	2	1	0.60376	0.8	0.32359	0.2
11	88	1	2	1	0.62269	0.77985	0.32173	0.2031
11	89	1	2	1	0.67831	0.79703	0.35091	0.20138
11	90	1	2	1	0.69167	0.8	0.37196	0.2
11	91	1	2	1	0.69856	0.7645	0.36825	0.21451
11	92	1	2	1	0.69443	0.73286	0.37839	0.24046
11	93	1	2	1	0.69619	0.72385	0.376	0.28831
11	94	1	2	1	0.69996	0.7384	0.34066	0.30731
11	95	1	2	1	0.69694	0.77351	0.34487	0.33476
11	96	1	4	0	0.66827	0.79268	0.35615	0.27297
11	97	1	2	0	0.67878	0.8	0.33973	0.27352
11	98	1	1	0	0.6799	0.8	0.34456	0.25026
11	99	2	3	0	0.62187	0.8	0.28067	0.22623
11	100	2	2	1	0.6054	0.77345	0.25924	0.2
11	101	1	4	0	0.65383	0.77114	0.27204	0.2008
11	102	1	3	0	0.64727	0.76172	0.25281	0.21862
11	103	2	4	0	0.6635	0.77711	0.305	0.2
11	104	2	3	0	0.67197	0.79161	0.28616	0.23714
11	105	1	2	1	0.64376	0.8	0.30672	0.23704
11	106	1	2	0	0.63178	0.8	0.29251	0.23955
11	107	1	2	1	0.6538	0.79894	0.29693	0.24725
11	108	1	3	0	0.64423	0.7928	0.28867	0.21739
11	109	1	2	0	0.61983	0.76918	0.29843	0.27407
11	111	1	4	0	0.54281	0.76111	0.30887	0.26801
11	112	1	2	1	0.52811	0.74021	0.30316	0.29007
11	113	1	3	0	0.53029	0.77255	0.2792	0.28303
11	114	1	2	1	0.53651	0.79728	0.29597	0.30773
11	115	1	2	0	0.55624	0.78973	0.25582	0.31867
11	116	1	2	1	0.53997	0.8	0.22837	0.31713
11	117	1	2	1	0.52671	0.8	0.24036	0.38512
11	118	1	2	1	0.51438	0.8	0.23973	0.37043
11	119	1	3	1	0.53182	0.79605	0.27918	0.36907
11	120	1	2	1	0.50286	0.8	0.28253	0.35504
11	121	1	2	1	0.50235	0.8	0.29495	0.29598
11	122	1	3	0	0.48894	0.79331	0.30969	0.31204
11	123	1	2	1	0.47871	0.79948	0.3263	0.31954
11	124	1	2	1	0.45365	0.8	0.29099	0.33413
11	125	1	2	1	0.46635	0.8	0.26215	0.31968
11	126	1	2	1	0.45381	0.74542	0.23663	0.31977
11	127	1	2	1	0.44701	0.77734	0.26106	0.32745
11	128	1	3	0	0.42234	0.8	0.25779	0.32023
11	129	1	2	1	0.40726	0.79306	0.29614	0.30255
11	130	1	2	1	0.36714	0.79442	0.30191	0.2763
11	131	1	4	0	0.36376	0.79681	0.32273	0.27065
11	132	1	2	1	0.3524	0.79521	0.28949	0.2766
11	133	1	2	1	0.32952	0.78195	0.24297	0.25312
11	134	1	2	1	0.28499	0.8	0.24966	0.28736
11	135	1	2	0	0.26727	0.79224	0.22348	0.3366
11	136	1	2	1	0.25006	0.79156	0.26094	0.27667
11	137	1	2	1	0.21646	0.76325	0.24907	0.25544
11	138	1	2	1	0.2	0.78589	0.26922	0.27831
11	139	1	2	0	0.2	0.76936	0.2926	0.24553
11	140	1	2	1	0.23753	0.79722	0.33088	0.24868
11	141	1	2	0	0.22556	0.8	0.31513	0.27674
11	142	1	2	0	0.21033	0.8	0.30497	0.28001
11	143	2	3	1	0.22537	0.8	0.27327	0.29592
11	144	2	3	0	0.24274	0.79907	0.27427	0.28701
11	145	2	3	0	0.21851	0.8	0.26859	0.30582
11	146	2	1	0	0.2178	0.8	0.22666	0.31128
11	147	2	1	1	0.24484	0.8	0.20365	0.30276
11	148	2	3	0	0.22017	0.8	0.21582	0.29858
11	149	2	4	1	0.20838	0.8	0.20549	0.3077
11	150	1	1	1	0.26729	0.8	0.24835	0.33951
11	151	2	4	1	0.25459	0.78232	0.22098	0.37519
11	152	1	1	0	0.30189	0.77343	0.22356	0.39847
11	153	2	2	0	0.277	0.77971	0.21763	0.41577
11	154	2	1	0	0.33926	0.74634	0.2	0.37846
11	155	2	4	1	0.33888	0.74843	0.2	0.38359
11	156	2	4	1	0.36489	0.74266	0.2	0.33555
11	157	2	4	0	0.36922	0.72864	0.21039	0.36898
11	158	2	4	0	0.37651	0.71557	0.25706	0.3556
11	159	2	1	0	0.3562	0.70798	0.27144	0.39188
11	160	2	4	0	0.37324	0.73197	0.24524	0.39553
11	161	2	4	1	0.33247	0.71528	0.25213	0.40268
11	162	2	4	0	0.32664	0.75746	0.24262	0.39697
11	163	2	4	0	0.32737	0.75497	0.20079	0.37946
11	164	2	1	1	0.32241	0.8	0.2	0.40464
11	165	1	1	1	0.33485	0.8	0.20678	0.40402
11	166	1	1	1	0.35907	0.8	0.22123	0.40926
11	167	2	4	1	0.34949	0.8	0.27264	0.41539
11	168	2	4	0	0.37267	0.8	0.30797	0.436
11	169	1	4	0	0.39837	0.76644	0.29919	0.41091
11	170	1	3	0	0.38419	0.74126	0.2761	0.42169
11	171	1	4	0	0.38649	0.73896	0.24769	0.45184
11	172	1	1	1	0.3735	0.79988	0.21732	0.43546
11	173	1	3	0	0.36009	0.8	0.22321	0.44074
11	174	1	4	0	0.38648	0.8	0.21086	0.45846
11	175	1	1	0	0.37753	0.7835	0.20936	0.47693
11	176	1	1	0	0.32905	0.77017	0.20358	0.42754
11	177	1	1	0	0.3851	0.78473	0.20506	0.44052
11	178	2	3	1	0.36796	0.78051	0.2	0.3813
11	179	2	2	1	0.35199	0.79315	0.22019	0.36803
11	180	2	2	1	0.31801	0.8	0.24509	0.37891
11	181	2	3	1	0.30674	0.8	0.23432	0.38882
11	182	2	3	0	0.33107	0.75848	0.2	0.38555
11	183	2	3	0	0.33389	0.73813	0.2101	0.38101
11	184	2	3	0	0.3633	0.73729	0.2	0.40103
11	185	1	2	1	0.35394	0.73968	0.2	0.36388
11	186	1	2	1	0.3625	0.78628	0.2	0.38816
11	187	1	2	1	0.37426	0.8	0.2	0.46508
11	188	1	3	1	0.34876	0.8	0.22985	0.47632
11	189	1	3	0	0.33813	0.78029	0.2056	0.47281
11	190	1	4	0	0.37915	0.79114	0.2	0.45265
11	191	1	2	1	0.40233	0.8	0.24541	0.49344
11	192	1	2	1	0.42529	0.78379	0.25813	0.51788
11	193	1	3	0	0.44473	0.8	0.26037	0.55478
11	194	1	2	1	0.42335	0.77949	0.25251	0.56739
11	195	1	2	0	0.41433	0.74312	0.25601	0.56701
11	196	1	2	0	0.3768	0.76441	0.25915	0.56346
11	197	1	2	1	0.36343	0.78095	0.20219	0.55189
11	198	1	2	1	0.32245	0.76431	0.2	0.52809
11	199	1	3	0	0.28258	0.8	0.23392	0.52097
11	200	1	4	0	0.29243	0.79748	0.22832	0.51401
11	201	1	2	1	0.30384	0.79552	0.23835	0.52741