"choice"	"outcome"	"subjID"	"trial"
1	0	1	1
1	1	1	2
4	1	1	3
1	1	1	4
2	1	1	5
3	1	1	6
4	1	1	7
1	1	1	8
2	1	1	9
3	1	1	10
4	1	1	11
1	1	1	12
4	0	1	13
3	0	1	14
1	1	1	15
4	1	1	16
2	1	1	17
4	1	1	18
1	1	1	19
4	1	1	20
2	1	1	21
3	1	1	22
2	1	1	23
1	1	1	24
2	0	1	25
2	1	1	26
3	1	1	27
4	1	1	28
2	1	1	29
1	1	1	30
4	1	1	31
1	1	1	32
3	1	1	33
4	1	1	34
1	1	1	35
4	0	1	36
2	0	1	37
3	1	1	38
1	0	1	39
4	1	1	40
1	1	1	41
3	0	1	42
4	0	1	43
2	1	1	44
1	1	1	45
3	1	1	46
4	1	1	47
3	1	1	48
2	1	1	49
3	1	1	50
4	1	1	51
2	1	1	52
1	1	1	53
2	0	1	54
4	0	1	55
2	0	1	56
1	0	1	57
3	0	1	58
3	1	1	59
2	0	1	60
4	0	1	61
3	1	1	62
1	1	1	63
3	1	1	64
1	1	1	65
3	1	1	66
1	1	1	67
4	1	1	68
2	1	1	69
3	1	1	70
1	1	1	71
3	1	1	72
3	0	1	73
2	1	1	74
1	1	1	75
3	1	1	76
2	1	1	77
1	1	1	78
3	1	1	79
4	1	1	80
2	1	1	81
3	1	1	82
4	1	1	83
1	0	2	1
1	1	2	2
1	0	2	3
1	1	2	4
2	1	2	5
3	1	2	6
4	1	2	7
1	1	2	8
2	1	2	9
3	1	2	10
4	1	2	11
1	1	2	12
3	0	2	13
3	1	2	14
2	1	2	15
4	1	2	16
1	1	2	17
3	1	2	18
1	1	2	19
3	1	2	20
4	1	2	21
2	1	2	22
3	1	2	23
4	0	2	24
1	0	2	25
3	0	2	26
4	0	2	27
1	0	2	28
2	1	2	29
3	1	2	30
4	1	2	31
1	0	2	32
3	0	2	33
3	1	2	34
2	1	2	35
4	0	2	36
4	1	2	37
3	0	2	38
4	1	2	39
3	1	2	40
1	1	2	41
4	0	2	42
3	0	2	43
1	1	2	44
2	1	2	45
3	1	2	46
4	1	2	47
1	1	2	48
2	0	2	49
2	1	2	50
1	1	2	51
2	1	2	52
4	1	2	53
2	0	2	54
3	1	2	55
4	1	2	56
3	1	2	57
1	1	2	58
3	1	2	59
4	1	2	60
2	1	2	61
3	1	2	62
1	1	2	63
3	1	2	64
2	0	2	65
3	0	2	66
1	0	2	67
4	0	2	68
2	0	2	69
3	0	2	70
4	1	2	71
3	1	2	72
3	0	2	73
4	0	2	74
2	0	2	75
3	1	2	76
4	0	2	77
1	1	2	78
1	0	2	79
4	1	2	80
2	1	2	81
3	1	2	82
4	1	2	83
1	1	2	84
4	0	2	85
3	1	2	86
2	1	2	87
4	0	2	88
1	0	2	89
3	0	2	90
4	0	2	91
1	0	2	92
2	1	2	93
1	1	2	94
4	1	2	95
1	1	2	96
4	0	2	97
3	0	2	98
2	0	2	99
3	0	2	100
4	0	2	101
3	1	2	102
2	0	2	103
3	0	2	104
1	1	2	105
4	0	2	106
3	0	2	107
1	0	2	108
1	0	2	109
3	0	2	110
4	0	2	111
3	1	2	112
3	0	2	113
2	0	2	114
1	1	2	115
2	0	2	116
1	0	2	117
1	0	2	118
3	0	2	119
4	0	2	120
3	0	2	121
3	0	2	122
3	1	2	123
4	0	2	124
2	0	2	125
3	1	2	126
1	0	2	127
3	0	2	128
1	0	3	1
1	1	3	2
4	1	3	3
1	1	3	4
2	1	3	5
3	1	3	6
4	1	3	7
1	1	3	8
2	1	3	9
3	1	3	10
4	1	3	11
1	1	3	12
4	0	3	13
3	0	3	14
2	0	3	15
4	1	3	16
1	0	3	17
3	0	3	18
1	1	3	19
3	0	3	20
4	0	3	21
3	1	3	22
2	1	3	23
1	1	3	24
4	0	3	25
1	1	3	26
3	1	3	27
4	1	3	28
2	1	3	29
3	1	3	30
4	1	3	31
2	1	3	32
4	1	3	33
3	1	3	34
1	0	3	35
4	0	3	36
2	0	3	37
3	0	3	38
1	0	3	39
4	0	3	40
1	1	3	41
3	0	3	42
4	1	3	43
2	0	3	44
3	0	3	45
3	1	3	46
4	1	3	47
3	0	3	48
2	0	3	49
3	0	3	50
4	0	3	51
2	1	3	52
1	0	3	53
2	0	3	54
4	0	3	55
2	0	3	56
1	0	3	57
1	1	3	58
3	1	3	59
4	1	3	60
2	1	3	61
3	1	3	62
1	1	3	63
3	1	3	64
1	1	3	65
3	1	3	66
1	1	3	67
1	1	3	68
2	0	3	69
1	1	3	70
4	1	3	71
1	0	3	72
4	1	3	73
2	1	3	74
1	1	3	75
3	1	3	76
2	1	3	77
1	1	3	78
3	1	3	79
4	1	3	80
2	1	3	81
3	1	3	82
4	0	3	83
1	0	3	84
4	1	3	85
2	1	3	86
3	1	3	87
4	1	3	88
1	1	3	89
3	1	3	90
4	1	3	91
1	1	3	92
2	1	3	93
1	1	3	94
2	0	3	95
1	0	3	96
4	1	3	97
3	1	3	98
2	1	3	99
1	1	3	100
4	1	3	101
2	1	3	102
4	1	3	103
3	1	3	104
1	1	3	105
2	1	3	106
3	0	3	107
2	1	3	108
2	0	3	109
2	1	3	110
1	1	3	111
3	1	3	112
2	1	3	113
4	1	3	114
1	1	3	115
3	1	3	116
2	1	3	117
4	1	3	118
1	1	3	119
1	0	4	1
1	1	4	2
4	1	4	3
1	1	4	4
2	1	4	5
3	1	4	6
4	1	4	7
1	1	4	8
2	1	4	9
3	1	4	10
4	1	4	11
1	1	4	12
3	1	4	13
2	1	4	14
1	1	4	15
4	1	4	16
2	1	4	17
4	1	4	18
1	1	4	19
4	1	4	20
2	1	4	21
3	1	4	22
2	1	4	23
1	0	4	24
4	1	4	25
3	0	4	26
3	1	4	27
4	1	4	28
2	1	4	29
1	1	4	30
4	1	4	31
1	1	4	32
3	1	4	33
4	1	4	34
1	1	4	35
4	1	4	36
2	0	4	37
3	1	4	38
1	0	4	39
4	1	4	40
1	1	4	41
3	0	4	42
4	0	4	43
2	1	4	44
3	0	4	45
2	0	4	46
4	1	4	47
3	1	4	48
2	1	4	49
3	1	4	50
4	1	4	51
2	1	4	52
1	1	4	53
2	1	4	54
4	1	4	55
2	1	4	56
1	0	4	57
1	1	4	58
3	1	4	59
2	0	4	60
2	1	4	61
3	1	4	62
1	1	4	63
3	1	4	64
1	1	4	65
3	1	4	66
1	1	4	67
4	1	4	68
2	1	4	69
1	0	4	70
4	0	4	71
3	0	4	72
4	0	4	73
2	0	4	74
1	0	4	75
3	0	4	76
2	0	4	77
1	0	4	78
3	0	4	79
4	1	4	80
2	1	4	81
3	0	4	82
1	1	4	83
3	0	4	84
4	0	4	85
2	0	4	86
3	0	4	87
4	0	4	88
1	0	4	89
3	0	4	90
4	0	4	91
1	0	4	92
2	1	4	93
1	0	4	94
2	0	4	95
2	1	4	96
4	1	4	97
3	1	4	98
2	1	4	99
1	1	4	100
4	1	4	101
2	1	4	102
4	1	4	103
3	1	4	104
1	1	4	105
2	0	4	106
3	0	4	107
1	0	4	108
3	1	4	109
2	1	4	110
1	1	4	111
3	1	4	112
2	1	4	113
4	1	4	114
1	1	4	115
3	1	4	116
2	1	4	117
1	0	4	118
4	0	4	119
2	0	4	120
1	0	4	121
3	0	4	122
1	0	4	123
2	1	4	124
4	1	4	125
3	1	4	126
1	0	4	127
2	0	4	128
1	0	5	1
1	1	5	2
4	1	5	3
1	1	5	4
2	1	5	5
3	1	5	6
4	1	5	7
1	1	5	8
2	1	5	9
3	1	5	10
4	1	5	11
1	1	5	12
3	1	5	13
2	1	5	14
1	1	5	15
4	1	5	16
2	1	5	17
4	1	5	18
1	1	5	19
4	1	5	20
2	1	5	21
3	1	5	22
2	1	5	23
1	0	5	24
2	0	5	25
2	1	5	26
4	0	5	27
1	0	5	28
2	1	5	29
1	1	5	30
4	1	5	31
1	1	5	32
3	1	5	33
4	1	5	34
1	1	5	35
4	1	5	36
2	1	5	37
3	1	5	38
1	0	5	39
4	1	5	40
1	1	5	41
3	0	5	42
4	0	5	43
2	1	5	44
3	0	5	45
2	0	5	46
4	1	5	47
1	0	5	48
2	1	5	49
2	0	5	50
4	1	5	51
2	1	5	52
1	1	5	53
2	1	5	54
4	1	5	55
2	1	5	56
1	1	5	57
3	1	5	58
1	1	5	59
2	1	5	60
4	0	5	61
3	1	5	62
1	1	5	63
3	1	5	64
1	1	5	65
4	0	5	66
1	1	5	67
4	1	5	68
2	1	5	69
3	1	5	70
1	1	5	71
4	1	5	72
3	1	5	73
4	1	5	74
2	1	5	75
1	1	5	76
3	0	5	77
2	0	5	78
1	0	5	79
4	1	5	80
2	1	5	81
4	0	5	82
1	0	5	83
4	0	5	84
2	1	5	85
3	1	5	86
2	1	5	87
1	0	5	88
2	0	5	89
2	1	5	90
3	1	5	91
4	1	5	92
2	1	5	93
1	1	5	94
4	1	5	95
1	1	5	96
3	1	5	97
4	1	5	98
1	1	5	99
1	0	6	1
4	0	6	2
2	0	6	3
1	1	6	4
2	1	6	5
3	1	6	6
4	1	6	7
1	1	6	8
2	1	6	9
3	1	6	10
4	1	6	11
1	1	6	12
4	1	6	13
3	0	6	14
2	0	6	15
4	1	6	16
1	0	6	17
3	0	6	18
1	1	6	19
4	1	6	20
2	1	6	21
3	1	6	22
2	1	6	23
1	1	6	24
2	1	6	25
1	1	6	26
3	1	6	27
4	1	6	28
2	1	6	29
3	0	6	30
4	1	6	31
2	0	6	32
4	0	6	33
3	0	6	34
1	1	6	35
4	1	6	36
2	1	6	37
3	1	6	38
1	1	6	39
4	1	6	40
1	1	6	41
3	1	6	42
4	1	6	43
2	1	6	44
3	0	6	45
2	0	6	46
1	0	6	47
3	1	6	48
2	1	6	49
4	0	6	50
1	0	6	51
2	1	6	52
2	0	6	53
2	1	6	54
4	1	6	55
2	1	6	56
1	1	6	57
3	1	6	58
1	1	6	59
2	1	6	60
4	1	6	61
3	1	6	62
1	1	6	63
2	0	6	64
1	1	6	65
3	1	6	66
4	0	6	67
4	1	6	68
2	1	6	69
3	1	6	70
1	1	6	71
4	1	6	72
3	1	6	73
4	1	6	74
2	1	6	75
1	1	6	76
3	1	6	77
2	0	6	78
2	0	6	79
4	1	6	80
2	1	6	81
3	1	6	82
4	1	6	83
1	1	6	84
2	1	6	85
3	1	6	86
2	1	6	87
3	1	6	88
4	1	6	89
2	1	7	1
3	0	7	2
4	1	7	3
4	0	7	4
2	1	7	5
3	1	7	6
4	1	7	7
1	1	7	8
2	1	7	9
3	1	7	10
4	1	7	11
1	1	7	12
4	1	7	13
3	1	7	14
2	0	7	15
4	1	7	16
1	0	7	17
3	0	7	18
1	1	7	19
4	1	7	20
2	1	7	21
2	0	7	22
2	1	7	23
1	1	7	24
2	1	7	25
1	1	7	26
3	1	7	27
4	1	7	28
2	1	7	29
1	0	7	30
4	1	7	31
2	1	7	32
4	1	7	33
3	1	7	34
1	0	7	35
4	0	7	36
2	0	7	37
3	0	7	38
1	0	7	39
4	0	7	40
1	1	7	41
4	0	7	42
4	1	7	43
2	0	7	44
3	0	7	45
3	1	7	46
4	1	7	47
3	0	7	48
3	1	7	49
2	1	7	50
1	1	7	51
2	1	7	52
4	1	7	53
1	1	7	54
4	0	7	55
2	0	7	56
1	0	7	57
3	0	7	58
1	0	7	59
2	0	7	60
4	0	7	61
3	1	7	62
1	1	7	63
2	0	7	64
2	0	7	65
1	0	7	66
4	0	7	67
4	1	7	68
2	1	7	69
3	1	7	70
1	1	7	71
1	0	7	72
2	0	7	73
4	1	7	74
2	1	7	75
1	1	7	76
3	1	7	77
2	1	7	78
1	1	7	79
4	1	7	80
2	1	7	81
3	0	7	82
1	1	7	83
1	0	7	84
2	1	7	85
3	1	7	86
2	1	7	87
3	0	7	88
4	0	7	89
2	0	7	90
3	1	7	91
4	1	7	92
2	1	7	93
1	0	7	94
4	1	7	95
1	0	7	96
3	0	7	97
4	0	7	98
1	0	7	99
4	0	7	100
2	0	7	101
3	0	7	102
4	1	7	103
4	0	7	104
1	1	7	105
4	0	7	106
3	0	7	107
2	0	7	108
1	0	7	109
2	0	7	110
4	1	7	111
3	0	7	112
2	0	7	113
3	0	7	114
1	1	7	115
2	1	7	116
1	0	7	117
1	1	7	118
3	1	7	119
4	1	7	120
3	1	7	121
1	1	7	122
3	1	7	123
4	1	7	124
2	1	7	125
3	1	7	126
2	0	7	127
2	0	7	128
1	0	8	1
3	0	8	2
4	1	8	3
1	1	8	4
2	1	8	5
3	1	8	6
4	1	8	7
1	1	8	8
2	1	8	9
3	1	8	10
4	1	8	11
1	1	8	12
3	1	8	13
3	0	8	14
1	1	8	15
4	1	8	16
1	0	8	17
4	1	8	18
1	1	8	19
4	1	8	20
2	1	8	21
3	1	8	22
2	1	8	23
1	1	8	24
1	0	8	25
1	1	8	26
4	0	8	27
4	1	8	28
2	1	8	29
1	0	8	30
4	1	8	31
1	0	8	32
3	0	8	33
4	0	8	34
1	0	8	35
4	0	8	36
2	0	8	37
3	0	8	38
1	0	8	39
4	0	8	40
1	1	8	41
3	0	8	42
4	1	8	43
2	0	8	44
1	0	8	45
2	0	8	46
4	1	8	47
3	0	8	48
2	0	8	49
3	0	8	50
4	0	8	51
2	1	8	52
1	0	8	53
2	0	8	54
4	0	8	55
2	0	8	56
3	1	8	57
1	1	8	58
3	1	8	59
4	1	8	60
2	1	8	61
3	1	8	62
1	1	8	63
3	1	8	64
1	1	8	65
3	1	8	66
1	0	8	67
1	1	8	68
4	1	8	69
1	1	8	70
4	1	8	71
3	1	8	72
4	1	8	73
2	1	8	74
1	1	8	75
3	1	8	76
2	1	8	77
1	0	8	78
3	0	8	79
4	1	8	80
2	0	8	81
3	1	8	82
4	0	8	83
1	0	8	84
4	1	8	85
2	1	8	86
3	1	8	87
4	1	8	88
1	1	8	89
3	1	8	90
4	1	8	91
1	1	8	92
2	1	8	93
1	1	8	94
2	0	8	95
1	0	8	96
4	1	8	97
3	1	8	98
2	1	8	99
1	1	8	100
4	1	8	101
2	1	8	102
4	1	8	103
3	1	8	104
1	1	8	105
4	0	8	106
4	1	8	107
1	1	8	108
2	1	8	109
3	1	8	110
4	1	8	111
1	1	8	112
3	1	8	113
2	1	8	114
1	1	8	115
2	1	8	116
4	0	8	117
4	1	8	118
1	1	8	119
3	1	8	120
2	1	8	121
1	1	8	122
3	1	8	123
2	1	8	124
4	1	8	125
3	1	8	126
2	1	8	127
2	1	9	1
1	1	9	2
4	1	9	3
1	1	9	4
2	1	9	5
3	1	9	6
4	1	9	7
1	1	9	8
2	1	9	9
3	1	9	10
4	0	9	11
1	1	9	12
4	0	9	13
3	0	9	14
1	1	9	15
4	1	9	16
1	0	9	17
4	1	9	18
1	1	9	19
4	1	9	20
2	1	9	21
3	1	9	22
2	1	9	23
1	1	9	24
2	1	9	25
1	1	9	26
3	1	9	27
4	1	9	28
2	1	9	29
3	0	9	30
4	1	9	31
1	1	9	32
3	1	9	33
4	1	9	34
1	1	9	35
4	1	9	36
4	0	9	37
3	1	9	38
1	1	9	39
4	1	9	40
1	1	9	41
3	1	9	42
4	1	9	43
2	1	9	44
1	0	9	45
2	1	9	46
4	0	9	47
3	1	9	48
2	1	9	49
3	0	9	50
4	0	9	51
2	0	9	52
1	0	9	53
1	0	9	54
4	0	9	55
2	0	9	56
1	0	9	57
3	0	9	58
1	0	9	59
2	1	9	60
4	1	9	61
3	1	9	62
1	0	9	63
2	0	9	64
2	0	9	65
1	0	9	66
4	0	9	67
4	0	9	68
4	1	9	69
1	1	9	70
1	0	9	71
4	0	9	72
3	0	9	73
4	0	9	74
2	0	9	75
1	0	9	76
3	0	9	77
2	0	9	78
1	0	9	79
4	1	9	80
2	1	9	81
4	0	9	82
1	0	9	83
4	0	9	84
2	1	9	85
3	1	9	86
2	1	9	87
1	0	9	88
4	1	9	89
2	1	9	90
3	1	9	91
4	1	9	92
2	1	9	93
1	1	9	94
4	1	9	95
1	1	9	96
3	1	9	97
4	1	9	98
1	0	9	99
4	0	9	100
2	0	9	101
3	1	9	102
4	0	9	103
4	1	9	104
1	1	9	105
4	1	9	106
3	1	9	107
2	1	9	108
1	1	9	109
3	1	9	110
4	1	9	111
3	1	9	112
2	1	9	113
3	0	9	114
1	1	9	115
3	0	9	116
2	0	9	117
1	1	9	118
4	0	9	119
4	1	9	120
3	1	9	121
1	1	9	122
3	1	9	123
4	1	9	124
2	1	9	125
3	1	9	126
1	1	9	127
1	0	9	128
1	0	10	1
1	1	10	2
2	0	10	3
1	1	10	4
4	0	10	5
3	1	10	6
4	1	10	7
1	1	10	8
2	1	10	9
3	1	10	10
2	0	10	11
1	1	10	12
4	1	10	13
3	1	10	14
2	1	10	15
4	1	10	16
1	1	10	17
3	1	10	18
1	1	10	19
4	0	10	20
2	0	10	21
2	1	10	22
2	0	10	23
1	0	10	24
4	0	10	25
1	0	10	26
3	0	10	27
4	0	10	28
2	1	10	29
3	0	10	30
4	0	10	31
2	0	10	32
4	1	10	33
3	1	10	34
2	1	10	35
1	0	10	36
4	1	10	37
2	0	10	38
4	0	10	39
3	0	10	40
1	1	10	41
2	0	10	42
3	1	10	43
1	0	10	44
2	0	10	45
3	1	10	46
1	0	10	47
3	1	10	48
2	1	10	49
2	0	10	50
4	1	10	51
3	0	10	52
2	0	10	53
1	0	10	54
1	0	10	55
4	0	10	56
2	0	10	57
1	0	10	58
3	0	10	59
2	1	10	60
4	1	10	61
3	1	10	62
2	0	10	63
1	0	10	64
1	0	10	65
4	0	10	66
2	0	10	67
1	1	10	68
4	0	10	69
3	1	10	70
4	1	10	71
1	1	10	72
2	1	10	73
3	1	10	74
4	1	10	75
1	1	10	76
4	1	10	77
3	1	10	78
2	1	10	79
4	1	10	80
1	0	10	81
3	0	10	82
1	1	10	83
3	0	10	84
4	0	10	85
3	1	10	86
3	0	10	87
4	0	10	88
4	0	10	89
3	0	10	90
4	0	10	91
1	0	10	92
2	1	10	93
1	0	10	94
4	1	10	95
1	0	10	96
4	1	10	97
3	1	10	98
2	1	10	99
3	0	10	100
4	1	10	101
3	0	10	102
2	0	10	103
4	0	10	104
1	1	10	105
3	0	10	106
4	1	10	107
2	0	10	108
2	1	10	109
3	1	10	110
4	1	10	111
1	1	10	112
3	1	10	113
2	1	10	114
1	1	10	115
2	1	10	116
4	1	10	117
1	1	10	118
3	0	10	119
4	0	10	120
3	0	10	121
1	1	10	122
3	1	10	123
4	0	10	124
4	1	10	125
3	1	10	126
2	1	10	127
2	0	10	128
