subjID	trialNum	u	y
1	1	1	0
1	2	1	1
1	3	1	1
1	4	1	1
1	5	1	1
1	6	1	1
1	7	1	1
1	8	1	1
1	9	1	1
1	10	1	1
1	11	0	1
1	12	1	1
1	13	1	1
1	14	1	1
1	15	1	1
1	16	1	1
1	17	1	1
1	18	1	1
1	19	1	1
1	20	0	1
1	21	1	1
1	22	1	1
1	23	1	1
1	24	1	1
1	25	0	1
1	26	1	1
1	27	1	1
1	28	1	1
1	29	1	1
1	30	1	1
1	31	0	1
1	32	1	1
1	33	0	1
1	34	1	0
1	35	1	1
1	36	1	1
1	37	1	1
1	38	1	1
1	39	1	1
1	40	1	1
1	41	1	1
1	42	1	1
1	43	1	1
1	44	1	1
1	45	1	1
1	46	0	1
1	47	0	1
1	48	1	0
1	49	0	0
1	50	0	1
1	51	0	0
1	52	1	0
1	53	0	0
1	54	0	0
1	55	0	0
1	56	1	0
1	57	1	0
1	58	0	1
1	59	1	0
1	60	1	1
1	61	1	1
1	62	1	1
1	63	1	1
1	64	1	1
1	65	1	1
1	66	1	1
1	67	1	1
1	68	1	1
1	69	1	1
1	70	0	1
1	71	1	1
1	72	1	1
1	73	1	1
1	74	0	1
1	75	1	0
1	76	1	1
1	77	1	1
1	78	1	1
1	79	0	1
1	80	0	1
1	81	1	0
1	82	1	1
1	83	1	1
1	84	1	1
1	85	1	1
1	86	0	1
1	87	0	1
1	88	1	0
1	89	1	1
1	90	0	1
1	91	1	0
1	92	1	1
1	93	1	1
1	94	1	1
1	95	1	1
1	96	1	1
1	97	1	1
1	98	1	1
1	99	1	1
1	100	1	1
1	101	0	1
1	102	0	1
1	103	0	0
1	104	1	0
1	105	1	1
1	106	1	1
1	107	1	1
1	108	1	1
1	109	1	1
1	110	0	1
1	111	0	1
1	112	1	0
1	113	1	1
1	114	1	1
1	115	1	1
1	116	0	1
1	117	1	1
1	118	1	1
1	119	1	1
1	120	1	1
1	121	0	1
1	122	0	1
1	123	0	1
1	124	0	0
1	125	0	0
1	126	0	0
1	127	0	0
1	128	0	0
1	129	0	0
1	130	0	0
1	131	0	0
1	132	0	0
1	133	1	0
1	134	0	0
1	135	0	0
1	136	1	0
1	137	0	1
1	138	0	0
1	139	0	0
1	140	0	0
1	141	0	0
1	142	0	0
1	143	0	0
1	144	1	0
1	145	0	0
1	146	0	0
1	147	0	0
1	148	0	0
1	149	0	0
1	150	0	0
1	151	1	0
1	152	0	0
1	153	1	0
1	154	0	1
1	155	1	0
1	156	0	1
1	157	0	0
1	158	1	0
1	159	0	1
1	160	1	1
1	161	1	1
1	162	0	1
1	163	1	1
1	164	1	1
1	165	1	1
1	166	1	1
1	167	1	1
1	168	1	1
1	169	1	1
1	170	1	1
1	171	1	1
1	172	1	1
1	173	1	1
1	174	1	1
1	175	1	1
1	176	1	1
1	177	0	1
1	178	1	1
1	179	0	1
1	180	1	0
1	181	1	1
1	182	1	1
1	183	1	1
1	184	0	1
1	185	0	1
1	186	1	1
1	187	1	1
1	188	1	1
1	189	1	1
1	190	1	1
1	191	0	1
1	192	1	1
1	193	0	1
1	194	0	1
1	195	0	0
1	196	0	0
1	197	0	0
1	198	0	0
1	199	0	0
1	200	0	0
1	201	0	0
1	202	1	0
1	203	1	1
1	204	0	1
1	205	0	0
1	206	0	0
1	207	0	0
1	208	0	0
1	209	0	0
1	210	0	0
1	211	1	0
1	212	0	0
1	213	0	0
1	214	0	0
1	215	0	0
1	216	1	0
1	217	0	1
1	218	0	0
1	219	0	0
1	220	1	0
1	221	0	0
1	222	1	0
1	223	0	0
1	224	1	0
1	225	1	0
1	226	1	1
1	227	0	1
1	228	0	1
1	229	1	0
1	230	1	0
1	231	1	1
1	232	1	1
1	233	1	1
1	234	1	1
1	235	1	1
1	236	1	1
1	237	0	1
1	238	1	1
1	239	1	1
1	240	1	1
1	241	1	1
1	242	1	1
1	243	1	1
1	244	1	1
1	245	1	1
1	246	1	1
1	247	1	1
1	248	1	1
1	249	1	1
1	250	0	1
1	251	1	1
1	252	0	1
1	253	1	0
1	254	1	1
1	255	1	1
1	256	1	1
1	257	1	1
1	258	1	1
1	259	1	1
1	260	1	1
1	261	0	1
1	262	0	1
1	263	0	0
1	264	1	0
1	265	0	0
1	266	1	1
1	267	0	1
1	268	0	0
1	269	0	0
1	270	0	0
1	271	0	0
1	272	0	0
1	273	0	0
1	274	1	0
1	275	0	1
1	276	1	0
1	277	0	1
1	278	0	0
1	279	0	0
1	280	0	0
1	281	1	0
1	282	1	1
1	283	1	1
1	284	0	1
1	285	0	1
1	286	0	0
1	287	0	0
1	288	0	0
1	289	0	0
1	290	0	0
1	291	1	0
1	292	1	0
1	293	1	1
1	294	0	1
1	295	1	1
1	296	1	1
1	297	1	1
1	298	1	1
1	299	1	1
1	300	0	1
1	301	1	1
1	302	1	1
1	303	1	1
1	304	1	1
1	305	1	1
1	306	0	1
1	307	1	1
1	308	1	1
1	309	1	1
1	310	1	1
1	311	1	1
1	312	0	1
1	313	1	1
1	314	1	1
1	315	1	1
1	316	1	1
1	317	1	1
1	318	1	1
1	319	0	1
1	320	1	0
1	321	1	1
1	322	1	1
1	323	1	1
1	324	1	1
1	325	1	1
1	326	0	1
1	327	1	1
1	328	1	1
1	329	1	1
1	330	1	1
1	331	0	1
1	332	0	1
1	333	0	0
1	334	0	0
1	335	0	0
1	336	1	0
1	337	0	0
1	338	1	0
1	339	0	1
1	340	0	0
1	341	0	0
1	342	1	0
1	343	0	1
1	344	0	0
1	345	1	0
1	346	0	1
1	347	1	0
1	348	1	1
1	349	0	1
1	350	0	1
1	351	0	0
1	352	0	1
1	353	1	0
1	354	0	0
1	355	1	0
1	356	0	0
1	357	0	0
1	358	0	0
1	359	0	0
1	360	0	0
1	361	1	0
1	362	1	0
1	363	1	1
1	364	1	1
1	365	0	1
1	366	1	1
1	367	1	0
1	368	1	1
1	369	1	1
1	370	1	1
1	371	1	1
1	372	1	1
1	373	1	1
1	374	0	1
1	375	0	1
1	376	0	1
1	377	0	0
1	378	1	0
1	379	1	1
1	380	1	1
1	381	1	1
1	382	1	1
1	383	0	1
1	384	1	1
1	385	1	1
1	386	0	0
1	387	1	0
1	388	1	0
1	389	1	1
1	390	1	1
1	391	1	1
1	392	1	1
1	393	0	1
1	394	1	1
1	395	0	1
1	396	1	1
1	397	1	1
1	398	0	1
1	399	1	0
1	400	1	1
1	401	0	1
1	402	0	0
1	403	0	0
1	404	0	0
1	405	0	0
1	406	1	0
1	407	1	0
1	408	0	1
1	409	0	0
1	410	1	0
1	411	0	1
1	412	0	0
1	413	0	0
1	414	1	0
1	415	0	0
1	416	1	1
1	417	0	0
1	418	0	0
1	419	0	0
1	420	1	0
1	421	1	0
1	422	0	1
1	423	0	0
1	424	0	0
1	425	0	0
1	426	1	0
1	427	1	0
1	428	0	1
1	429	0	1
1	430	0	0
1	431	0	0
1	432	1	0
1	433	0	0
1	434	0	0
1	435	0	0
1	436	0	0
1	437	0	0
1	438	0	0
1	439	0	0
1	440	0	0
1	441	0	0
1	442	1	0
1	443	0	1
1	444	1	0
1	445	0	1
1	446	0	0
1	447	1	0
1	448	0	0
1	449	1	1
1	450	0	0
1	451	0	1
1	452	0	0
1	453	0	0
1	454	0	0
1	455	0	0
1	456	0	0
1	457	0	0
1	458	1	0
1	459	1	1
1	460	0	1
1	461	0	0
1	462	1	0
1	463	0	1
1	464	0	0
1	465	1	0
1	466	0	0
1	467	0	0
1	468	0	0
1	469	0	0
1	470	1	0
1	471	0	0
1	472	0	0
1	473	0	0
1	474	0	0
1	475	0	0
1	476	0	0
1	477	0	0
1	478	0	0
1	479	0	0
1	480	0	0
1	481	0	0
1	482	0	0
1	483	0	0
1	484	0	0
1	485	0	0
1	486	0	0
1	487	0	0
1	488	0	0
1	489	0	0
1	490	1	0
1	491	0	1
1	492	0	0
1	493	0	0
1	494	0	0
1	495	0	0
1	496	0	0
1	497	0	0
1	498	0	0
1	499	0	0
1	500	0	0
1	501	0	0
1	502	1	0
1	503	0	0
1	504	0	0
1	505	1	0
1	506	0	0
1	507	0	0
1	508	0	0
1	509	1	0
1	510	0	0
1	511	0	0
1	512	1	0
1	513	0	0
1	514	0	0
1	515	0	0
1	516	0	0
1	517	0	0
1	518	0	0
1	519	0	0
1	520	1	0
1	521	1	0
1	522	0	1
1	523	1	1
1	524	1	1
1	525	1	1
1	526	1	1
1	527	1	1
1	528	1	1
1	529	1	1
1	530	1	1
1	531	1	1
1	532	1	1
1	533	0	1
1	534	1	1
1	535	1	1
1	536	1	1
1	537	1	1
1	538	0	1
1	539	0	1
1	540	1	0
1	541	1	1
1	542	1	1
1	543	1	1
1	544	1	1
1	545	1	1
1	546	1	1
1	547	1	1
1	548	1	1
1	549	1	1
1	550	1	1
1	551	1	1
1	552	0	1
1	553	0	1
1	554	0	0
1	555	0	0
1	556	0	0
1	557	0	0
1	558	0	0
1	559	0	0
1	560	0	0
1	561	0	0
1	562	0	0
1	563	0	0
1	564	0	0
1	565	0	0
1	566	0	0
1	567	1	0
1	568	0	1
1	569	0	1
1	570	0	0
1	571	0	0
1	572	0	0
1	573	0	0
1	574	0	0
1	575	0	0
1	576	1	0
1	577	0	0
1	578	1	0
1	579	0	0
1	580	1	0
1	581	0	1
1	582	0	0
1	583	1	0
1	584	0	1
1	585	1	0
1	586	1	1
1	587	1	1
1	588	0	1
1	589	0	1
1	590	1	0
1	591	1	1
1	592	1	1
1	593	1	1
1	594	1	1
1	595	1	1
1	596	1	1
1	597	0	1
1	598	1	1
1	599	1	1
1	600	1	1
1	601	1	1
1	602	1	1
1	603	0	1
1	604	1	1
1	605	1	1
1	606	0	1
1	607	1	0
1	608	1	1
1	609	1	1
1	610	1	1
1	611	1	1
1	612	1	1
1	613	0	1
1	614	1	0
1	615	0	1
1	616	1	0
1	617	1	1
1	618	1	1
1	619	1	1
1	620	1	1
1	621	0	1
1	622	0	1
1	623	0	0
1	624	0	0
1	625	0	0
1	626	0	0
1	627	0	0
1	628	0	0
1	629	0	0
1	630	1	0
1	631	0	0
1	632	0	0
1	633	0	0
1	634	0	0
1	635	1	0
1	636	0	0
1	637	0	0
1	638	0	0
1	639	1	0
1	640	0	0
1	641	0	0
1	642	0	0
1	643	0	0
1	644	0	0
1	645	1	0
1	646	0	1
1	647	0	0
1	648	1	0
1	649	0	0
1	650	0	0
1	651	1	0
1	652	0	1
1	653	1	0
1	654	1	0
1	655	0	0
1	656	1	0
1	657	0	1
1	658	0	0
1	659	0	0
1	660	0	0
1	661	1	0
1	662	1	1
1	663	0	0
1	664	1	1
1	665	1	1
1	666	0	1
1	667	1	0
1	668	1	0
1	669	1	1
1	670	1	1
1	671	1	1
1	672	1	1
1	673	0	1
1	674	1	0
1	675	1	1
1	676	1	1
1	677	1	1
1	678	1	1
1	679	1	1
1	680	1	1
1	681	1	1
1	682	1	1
1	683	1	1
1	684	0	1
1	685	1	1
1	686	0	1
1	687	1	1
1	688	1	0
1	689	1	1
1	690	0	1
1	691	0	0
1	692	1	0
1	693	0	1
1	694	0	0
1	695	0	0
1	696	1	0
1	697	1	1
1	698	0	1
1	699	0	0
1	700	0	0
1	701	0	0
1	702	1	0
1	703	0	0
1	704	1	0
1	705	1	1
1	706	0	1
1	707	0	0
1	708	0	0
1	709	0	0
1	710	0	0
1	711	0	0
1	712	0	0
1	713	0	0
1	714	1	0
1	715	0	0
1	716	0	0
1	717	1	0
1	718	0	0
1	719	0	0
1	720	0	0
1	721	1	0
1	722	1	0
1	723	0	1
1	724	1	0
1	725	1	0
1	726	0	1
1	727	0	0
1	728	0	1
1	729	0	0
1	730	1	0
1	731	1	0
1	732	1	1
1	733	1	1
1	734	0	1
1	735	1	0
1	736	1	1
1	737	1	1
1	738	1	1
1	739	0	1
1	740	1	0
1	741	1	1
1	742	1	1
1	743	1	1
1	744	1	1
1	745	1	1
1	746	1	1
1	747	1	1
1	748	1	1
1	749	1	1
1	750	1	1
1	751	0	1
1	752	1	0
1	753	1	1
1	754	1	1
1	755	0	1
1	756	1	1
1	757	0	1
1	758	1	0
1	759	1	1
1	760	1	1
1	761	1	1
1	762	0	1
1	763	1	1
1	764	0	1
1	765	1	0
1	766	1	0
1	767	0	1
1	768	0	1
1	769	0	0
1	770	1	0
1	771	0	0
1	772	0	0
1	773	0	0
1	774	0	0
1	775	0	0
1	776	1	0
1	777	0	0
1	778	0	0
1	779	0	0
1	780	0	0
1	781	0	0
1	782	0	0
1	783	0	0
1	784	0	0
1	785	0	0
1	786	0	0
1	787	0	0
1	788	1	0
1	789	0	0
1	790	0	0
1	791	0	0
1	792	0	0
1	793	0	0
1	794	0	0
1	795	0	0
1	796	0	0
1	797	0	0
1	798	0	0
1	799	1	0
1	800	0	1
2	1	1	1
2	2	1	1
2	3	1	1
2	4	1	1
2	5	1	1
2	6	1	1
2	7	1	1
2	8	1	1
2	9	1	1
2	10	1	1
2	11	0	1
2	12	1	1
2	13	1	1
2	14	1	1
2	15	1	1
2	16	1	1
2	17	1	1
2	18	1	1
2	19	1	1
2	20	0	1
2	21	1	1
2	22	1	1
2	23	1	0
2	24	1	1
2	25	0	1
2	26	1	1
2	27	1	1
2	28	1	1
2	29	1	1
2	30	1	1
2	31	0	1
2	32	1	1
2	33	0	1
2	34	1	1
2	35	1	1
2	36	1	1
2	37	1	1
2	38	1	1
2	39	1	1
2	40	1	1
2	41	1	1
2	42	1	1
2	43	1	1
2	44	1	1
2	45	1	1
2	46	0	1
2	47	0	1
2	48	1	0
2	49	0	1
2	50	0	1
2	51	0	0
2	52	1	0
2	53	0	1
2	54	0	0
2	55	0	0
2	56	1	0
2	57	1	0
2	58	0	0
2	59	1	1
2	60	1	1
2	61	1	1
2	62	1	1
2	63	1	0
2	64	1	1
2	65	1	1
2	66	1	1
2	67	1	1
2	68	1	1
2	69	1	1
2	70	0	1
2	71	1	1
2	72	1	1
2	73	1	1
2	74	0	1
2	75	1	1
2	76	1	1
2	77	1	1
2	78	1	1
2	79	0	1
2	80	0	1
2	81	1	0
2	82	1	1
2	83	1	1
2	84	1	1
2	85	1	1
2	86	0	1
2	87	0	1
2	88	1	1
2	89	1	1
2	90	0	1
2	91	1	1
2	92	1	0
2	93	1	1
2	94	1	1
2	95	1	1
2	96	1	1
2	97	1	1
2	98	1	1
2	99	1	1
2	100	1	1
2	101	0	1
2	102	0	1
2	103	0	0
2	104	1	0
2	105	1	1
2	106	1	1
2	107	1	1
2	108	1	1
2	109	1	1
2	110	0	1
2	111	0	0
2	112	1	0
2	113	1	1
2	114	1	1
2	115	1	1
2	116	0	1
2	117	1	1
2	118	1	1
2	119	1	1
2	120	1	1
2	121	0	1
2	122	0	0
2	123	0	1
2	124	0	0
2	125	0	0
2	126	0	0
2	127	0	0
2	128	0	0
2	129	0	0
2	130	0	0
2	131	0	0
2	132	0	0
2	133	1	0
2	134	0	0
2	135	0	0
2	136	1	0
2	137	0	0
2	138	0	1
2	139	0	0
2	140	0	0
2	141	0	0
2	142	0	0
2	143	0	0
2	144	1	0
2	145	0	0
2	146	0	0
2	147	0	0
2	148	0	0
2	149	0	0
2	150	0	0
2	151	1	0
2	152	0	0
2	153	1	0
2	154	0	1
2	155	1	0
2	156	0	1
2	157	0	1
2	158	1	0
2	159	0	0
2	160	1	1
2	161	1	1
2	162	0	0
2	163	1	1
2	164	1	0
2	165	1	1
2	166	1	1
2	167	1	1
2	168	1	1
2	169	1	1
2	170	1	1
2	171	1	1
2	172	1	1
2	173	1	1
2	174	1	1
2	175	1	1
2	176	1	1
2	177	0	1
2	178	1	1
2	179	0	1
2	180	1	1
2	181	1	1
2	182	1	1
2	183	1	1
2	184	0	1
2	185	0	1
2	186	1	1
2	187	1	0
2	188	1	1
2	189	1	1
2	190	1	1
2	191	0	1
2	192	1	1
2	193	0	1
2	194	0	0
2	195	0	0
2	196	0	1
2	197	0	0
2	198	0	0
2	199	0	0
2	200	0	0
2	201	0	0
2	202	1	0
2	203	1	1
2	204	0	1
2	205	0	0
2	206	0	0
2	207	0	1
2	208	0	0
2	209	0	0
2	210	0	0
2	211	1	0
2	212	0	0
2	213	0	0
2	214	0	0
2	215	0	0
2	216	1	0
2	217	0	0
2	218	0	0
2	219	0	0
2	220	1	0
2	221	0	0
2	222	1	0
2	223	0	0
2	224	1	1
2	225	1	1
2	226	1	1
2	227	0	1
2	228	0	1
2	229	1	0
2	230	1	1
2	231	1	1
2	232	1	1
2	233	1	0
2	234	1	1
2	235	1	1
2	236	1	1
2	237	0	1
2	238	1	1
2	239	1	1
2	240	1	1
2	241	1	1
2	242	1	1
2	243	1	1
2	244	1	1
2	245	1	1
2	246	1	1
2	247	1	1
2	248	1	1
2	249	1	1
2	250	0	1
2	251	1	1
2	252	0	1
2	253	1	1
2	254	1	0
2	255	1	1
2	256	1	1
2	257	1	1
2	258	1	1
2	259	1	1
2	260	1	1
2	261	0	1
2	262	0	1
2	263	0	1
2	264	1	1
2	265	0	1
2	266	1	0
2	267	0	0
2	268	0	0
2	269	0	0
2	270	0	0
2	271	0	0
2	272	0	0
2	273	0	0
2	274	1	0
2	275	0	0
2	276	1	0
2	277	0	1
2	278	0	0
2	279	0	0
2	280	0	0
2	281	1	0
2	282	1	0
2	283	1	0
2	284	0	0
2	285	0	1
2	286	0	0
2	287	0	0
2	288	0	0
2	289	0	0
2	290	0	0
2	291	1	0
2	292	1	1
2	293	1	1
2	294	0	0
2	295	1	0
2	296	1	0
2	297	1	1
2	298	1	1
2	299	1	1
2	300	0	1
2	301	1	1
2	302	1	1
2	303	1	1
2	304	1	1
2	305	1	1
2	306	0	1
2	307	1	1
2	308	1	1
2	309	1	1
2	310	1	1
2	311	1	1
2	312	0	1
2	313	1	1
2	314	1	1
2	315	1	1
2	316	1	1
2	317	1	1
2	318	1	1
2	319	0	1
2	320	1	1
2	321	1	1
2	322	1	1
2	323	1	1
2	324	1	1
2	325	1	1
2	326	0	1
2	327	1	1
2	328	1	1
2	329	1	1
2	330	1	1
2	331	0	1
2	332	0	1
2	333	0	1
2	334	0	0
2	335	0	0
2	336	1	0
2	337	0	1
2	338	1	1
2	339	0	1
2	340	0	0
2	341	0	0
2	342	1	0
2	343	0	1
2	344	0	0
2	345	1	0
2	346	0	0
2	347	1	0
2	348	1	1
2	349	0	1
2	350	0	1
2	351	0	1
2	352	0	0
2	353	1	0
2	354	0	0
2	355	1	0
2	356	0	1
2	357	0	0
2	358	0	0
2	359	0	0
2	360	0	0
2	361	1	0
2	362	1	0
2	363	1	1
2	364	1	1
2	365	0	1
2	366	1	1
2	367	1	1
2	368	1	1
2	369	1	1
2	370	1	1
2	371	1	1
2	372	1	1
2	373	1	1
2	374	0	1
2	375	0	1
2	376	0	1
2	377	0	1
2	378	1	0
2	379	1	1
2	380	1	1
2	381	1	1
2	382	1	1
2	383	0	1
2	384	1	1
2	385	1	1
2	386	0	1
2	387	1	1
2	388	1	1
2	389	1	1
2	390	1	0
2	391	1	1
2	392	1	1
2	393	0	1
2	394	1	1
2	395	0	1
2	396	1	1
2	397	1	1
2	398	0	1
2	399	1	1
2	400	1	1
2	401	0	1
2	402	0	0
2	403	0	0
2	404	0	0
2	405	0	0
2	406	1	0
2	407	1	0
2	408	0	0
2	409	0	1
2	410	1	1
2	411	0	0
2	412	0	0
2	413	0	0
2	414	1	0
2	415	0	0
2	416	1	0
2	417	0	1
2	418	0	0
2	419	0	0
2	420	1	0
2	421	1	0
2	422	0	1
2	423	0	1
2	424	0	1
2	425	0	0
2	426	1	0
2	427	1	1
2	428	0	1
2	429	0	0
2	430	0	0
2	431	0	0
2	432	1	0
2	433	0	0
2	434	0	0
2	435	0	1
2	436	0	0
2	437	0	0
2	438	0	0
2	439	0	0
2	440	0	0
2	441	0	0
2	442	1	0
2	443	0	0
2	444	1	0
2	445	0	1
2	446	0	0
2	447	1	0
2	448	0	0
2	449	1	1
2	450	0	0
2	451	0	1
2	452	0	0
2	453	0	0
2	454	0	0
2	455	0	0
2	456	0	0
2	457	0	0
2	458	1	0
2	459	1	1
2	460	0	0
2	461	0	1
2	462	1	0
2	463	0	1
2	464	0	0
2	465	1	0
2	466	0	0
2	467	0	0
2	468	0	0
2	469	0	0
2	470	1	0
2	471	0	0
2	472	0	0
2	473	0	0
2	474	0	0
2	475	0	0
2	476	0	0
2	477	0	0
2	478	0	0
2	479	0	0
2	480	0	0
2	481	0	0
2	482	0	0
2	483	0	0
2	484	0	0
2	485	0	0
2	486	0	0
2	487	0	0
2	488	0	0
2	489	0	0
2	490	1	0
2	491	0	0
2	492	0	0
2	493	0	0
2	494	0	0
2	495	0	0
2	496	0	0
2	497	0	0
2	498	0	0
2	499	0	0
2	500	0	0
2	501	0	0
2	502	1	0
2	503	0	1
2	504	0	0
2	505	1	0
2	506	0	0
2	507	0	0
2	508	0	0
2	509	1	0
2	510	0	0
2	511	0	0
2	512	1	1
2	513	0	0
2	514	0	0
2	515	0	0
2	516	0	0
2	517	0	0
2	518	0	0
2	519	0	0
2	520	1	0
2	521	1	0
2	522	0	1
2	523	1	0
2	524	1	0
2	525	1	1
2	526	1	1
2	527	1	1
2	528	1	1
2	529	1	1
2	530	1	1
2	531	1	1
2	532	1	1
2	533	0	1
2	534	1	1
2	535	1	1
2	536	1	1
2	537	1	1
2	538	0	1
2	539	0	0
2	540	1	1
2	541	1	1
2	542	1	1
2	543	1	1
2	544	1	1
2	545	1	1
2	546	1	1
2	547	1	1
2	548	1	1
2	549	1	1
2	550	1	1
2	551	1	1
2	552	0	1
2	553	0	1
2	554	0	1
2	555	0	1
2	556	0	0
2	557	0	0
2	558	0	0
2	559	0	0
2	560	0	0
2	561	0	0
2	562	0	0
2	563	0	0
2	564	0	0
2	565	0	0
2	566	0	0
2	567	1	0
2	568	0	0
2	569	0	0
2	570	0	0
2	571	0	0
2	572	0	0
2	573	0	0
2	574	0	0
2	575	0	1
2	576	1	0
2	577	0	0
2	578	1	0
2	579	0	0
2	580	1	0
2	581	0	1
2	582	0	0
2	583	1	0
2	584	0	1
2	585	1	1
2	586	1	0
2	587	1	0
2	588	0	1
2	589	0	0
2	590	1	1
2	591	1	1
2	592	1	0
2	593	1	1
2	594	1	1
2	595	1	0
2	596	1	1
2	597	0	1
2	598	1	1
2	599	1	1
2	600	1	1
2	601	1	1
2	602	1	1
2	603	0	1
2	604	1	1
2	605	1	1
2	606	0	1
2	607	1	0
2	608	1	0
2	609	1	1
2	610	1	1
2	611	1	1
2	612	1	1
2	613	0	1
2	614	1	1
2	615	0	1
2	616	1	0
2	617	1	1
2	618	1	1
2	619	1	1
2	620	1	1
2	621	0	1
2	622	0	1
2	623	0	0
2	624	0	1
2	625	0	0
2	626	0	0
2	627	0	0
2	628	0	0
2	629	0	0
2	630	1	0
2	631	0	0
2	632	0	0
2	633	0	0
2	634	0	0
2	635	1	0
2	636	0	1
2	637	0	0
2	638	0	0
2	639	1	0
2	640	0	0
2	641	0	0
2	642	0	0
2	643	0	0
2	644	0	0
2	645	1	0
2	646	0	0
2	647	0	0
2	648	1	0
2	649	0	0
2	650	0	0
2	651	1	0
2	652	0	0
2	653	1	0
2	654	1	0
2	655	0	0
2	656	1	1
2	657	0	0
2	658	0	0
2	659	0	0
2	660	0	0
2	661	1	0
2	662	1	1
2	663	0	0
2	664	1	0
2	665	1	1
2	666	0	1
2	667	1	0
2	668	1	1
2	669	1	1
2	670	1	1
2	671	1	1
2	672	1	1
2	673	0	1
2	674	1	1
2	675	1	1
2	676	1	1
2	677	1	1
2	678	1	1
2	679	1	1
2	680	1	1
2	681	1	1
2	682	1	1
2	683	1	1
2	684	0	1
2	685	1	1
2	686	0	1
2	687	1	1
2	688	1	1
2	689	1	1
2	690	0	1
2	691	0	1
2	692	1	1
2	693	0	0
2	694	0	1
2	695	0	1
2	696	1	0
2	697	1	0
2	698	0	1
2	699	0	1
2	700	0	0
2	701	0	1
2	702	1	0
2	703	0	0
2	704	1	1
2	705	1	1
2	706	0	1
2	707	0	1
2	708	0	0
2	709	0	0
2	710	0	0
2	711	0	0
2	712	0	0
2	713	0	0
2	714	1	0
2	715	0	1
2	716	0	0
2	717	1	0
2	718	0	0
2	719	0	0
2	720	0	0
2	721	1	0
2	722	1	0
2	723	0	0
2	724	1	0
2	725	1	1
2	726	0	1
2	727	0	1
2	728	0	0
2	729	0	0
2	730	1	0
2	731	1	1
2	732	1	0
2	733	1	1
2	734	0	1
2	735	1	1
2	736	1	0
2	737	1	1
2	738	1	1
2	739	0	1
2	740	1	1
2	741	1	1
2	742	1	1
2	743	1	1
2	744	1	1
2	745	1	1
2	746	1	1
2	747	1	1
2	748	1	1
2	749	1	1
2	750	1	1
2	751	0	1
2	752	1	0
2	753	1	1
2	754	1	1
2	755	0	1
2	756	1	1
2	757	0	1
2	758	1	0
2	759	1	1
2	760	1	1
2	761	1	1
2	762	0	1
2	763	1	1
2	764	0	0
2	765	1	1
2	766	1	1
2	767	0	1
2	768	0	0
2	769	0	0
2	770	1	0
2	771	0	0
2	772	0	0
2	773	0	1
2	774	0	0
2	775	0	0
2	776	1	0
2	777	0	0
2	778	0	0
2	779	0	0
2	780	0	0
2	781	0	0
2	782	0	0
2	783	0	0
2	784	0	0
2	785	0	0
2	786	0	0
2	787	0	0
2	788	1	0
2	789	0	1
2	790	0	0
2	791	0	0
2	792	0	0
2	793	0	0
2	794	0	0
2	795	0	0
2	796	0	0
2	797	0	0
2	798	0	0
2	799	1	0
2	800	0	1
3	1	1	1
3	2	1	1
3	3	1	1
3	4	1	0
3	5	1	1
3	6	1	1
3	7	1	1
3	8	1	1
3	9	1	0
3	10	1	1
3	11	0	1
3	12	1	0
3	13	1	0
3	14	1	1
3	15	1	1
3	16	1	1
3	17	1	1
3	18	1	1
3	19	1	1
3	20	0	1
3	21	1	1
3	22	1	1
3	23	1	0
3	24	1	1
3	25	0	1
3	26	1	1
3	27	1	1
3	28	1	1
3	29	1	1
3	30	1	0
3	31	0	1
3	32	1	1
3	33	0	0
3	34	1	1
3	35	1	1
3	36	1	1
3	37	1	1
3	38	1	1
3	39	1	1
3	40	1	1
3	41	1	1
3	42	1	1
3	43	1	1
3	44	1	1
3	45	1	1
3	46	0	1
3	47	0	1
3	48	1	1
3	49	0	1
3	50	0	1
3	51	0	1
3	52	1	1
3	53	0	1
3	54	0	0
3	55	0	0
3	56	1	1
3	57	1	1
3	58	0	1
3	59	1	1
3	60	1	1
3	61	1	1
3	62	1	1
3	63	1	1
3	64	1	1
3	65	1	0
3	66	1	1
3	67	1	1
3	68	1	1
3	69	1	1
3	70	0	1
3	71	1	1
3	72	1	1
3	73	1	1
3	74	0	1
3	75	1	1
3	76	1	0
3	77	1	0
3	78	1	1
3	79	0	1
3	80	0	1
3	81	1	1
3	82	1	1
3	83	1	1
3	84	1	1
3	85	1	1
3	86	0	1
3	87	0	1
3	88	1	1
3	89	1	1
3	90	0	1
3	91	1	1
3	92	1	1
3	93	1	1
3	94	1	1
3	95	1	1
3	96	1	1
3	97	1	1
3	98	1	1
3	99	1	1
3	100	1	1
3	101	0	1
3	102	0	1
3	103	0	1
3	104	1	1
3	105	1	1
3	106	1	1
3	107	1	1
3	108	1	1
3	109	1	1
3	110	0	1
3	111	0	1
3	112	1	1
3	113	1	1
3	114	1	1
3	115	1	1
3	116	0	1
3	117	1	0
3	118	1	1
3	119	1	1
3	120	1	1
3	121	0	1
3	122	0	1
3	123	0	1
3	124	0	1
3	125	0	1
3	126	0	1
3	127	0	1
3	128	0	1
3	129	0	1
3	130	0	1
3	131	0	1
3	132	0	1
3	133	1	1
3	134	0	1
3	135	0	0
3	136	1	1
3	137	0	1
3	138	0	1
3	139	0	1
3	140	0	1
3	141	0	1
3	142	0	1
3	143	0	0
3	144	1	1
3	145	0	1
3	146	0	0
3	147	0	1
3	148	0	1
3	149	0	1
3	150	0	1
3	151	1	1
3	152	0	1
3	153	1	1
3	154	0	1
3	155	1	1
3	156	0	0
3	157	0	1
3	158	1	1
3	159	0	0
3	160	1	1
3	161	1	1
3	162	0	1
3	163	1	1
3	164	1	0
3	165	1	1
3	166	1	1
3	167	1	1
3	168	1	1
3	169	1	1
3	170	1	1
3	171	1	1
3	172	1	1
3	173	1	1
3	174	1	0
3	175	1	1
3	176	1	0
3	177	0	1
3	178	1	1
3	179	0	1
3	180	1	1
3	181	1	1
3	182	1	1
3	183	1	1
3	184	0	1
3	185	0	1
3	186	1	0
3	187	1	1
3	188	1	1
3	189	1	1
3	190	1	1
3	191	0	1
3	192	1	1
3	193	0	1
3	194	0	1
3	195	0	1
3	196	0	0
3	197	0	0
3	198	0	1
3	199	0	1
3	200	0	1
3	201	0	0
3	202	1	1
3	203	1	1
3	204	0	0
3	205	0	0
3	206	0	0
3	207	0	1
3	208	0	1
3	209	0	1
3	210	0	0
3	211	1	1
3	212	0	0
3	213	0	0
3	214	0	0
3	215	0	1
3	216	1	0
3	217	0	0
3	218	0	0
3	219	0	0
3	220	1	1
3	221	0	0
3	222	1	1
3	223	0	1
3	224	1	1
3	225	1	0
3	226	1	0
3	227	0	1
3	228	0	0
3	229	1	1
3	230	1	1
3	231	1	1
3	232	1	1
3	233	1	0
3	234	1	1
3	235	1	0
3	236	1	0
3	237	0	1
3	238	1	1
3	239	1	1
3	240	1	1
3	241	1	1
3	242	1	1
3	243	1	1
3	244	1	1
3	245	1	1
3	246	1	1
3	247	1	1
3	248	1	1
3	249	1	1
3	250	0	1
3	251	1	1
3	252	0	0
3	253	1	1
3	254	1	1
3	255	1	0
3	256	1	1
3	257	1	0
3	258	1	1
3	259	1	1
3	260	1	1
3	261	0	1
3	262	0	1
3	263	0	1
3	264	1	1
3	265	0	1
3	266	1	1
3	267	0	0
3	268	0	1
3	269	0	1
3	270	0	1
3	271	0	1
3	272	0	1
3	273	0	0
3	274	1	1
3	275	0	1
3	276	1	1
3	277	0	1
3	278	0	1
3	279	0	1
3	280	0	1
3	281	1	0
3	282	1	1
3	283	1	1
3	284	0	1
3	285	0	1
3	286	0	0
3	287	0	1
3	288	0	0
3	289	0	1
3	290	0	1
3	291	1	1
3	292	1	1
3	293	1	0
3	294	0	1
3	295	1	0
3	296	1	1
3	297	1	1
3	298	1	0
3	299	1	1
3	300	0	0
3	301	1	1
3	302	1	0
3	303	1	1
3	304	1	1
3	305	1	1
3	306	0	1
3	307	1	1
3	308	1	1
3	309	1	1
3	310	1	1
3	311	1	1
3	312	0	1
3	313	1	1
3	314	1	0
3	315	1	0
3	316	1	1
3	317	1	1
3	318	1	1
3	319	0	1
3	320	1	1
3	321	1	1
3	322	1	1
3	323	1	0
3	324	1	0
3	325	1	1
3	326	0	1
3	327	1	1
3	328	1	1
3	329	1	1
3	330	1	1
3	331	0	0
3	332	0	1
3	333	0	1
3	334	0	1
3	335	0	0
3	336	1	1
3	337	0	1
3	338	1	1
3	339	0	1
3	340	0	0
3	341	0	0
3	342	1	1
3	343	0	0
3	344	0	1
3	345	1	1
3	346	0	1
3	347	1	1
3	348	1	0
3	349	0	1
3	350	0	1
3	351	0	0
3	352	0	0
3	353	1	1
3	354	0	1
3	355	1	1
3	356	0	1
3	357	0	0
3	358	0	0
3	359	0	1
3	360	0	1
3	361	1	0
3	362	1	1
3	363	1	1
3	364	1	0
3	365	0	1
3	366	1	1
3	367	1	0
3	368	1	0
3	369	1	1
3	370	1	0
3	371	1	1
3	372	1	0
3	373	1	1
3	374	0	1
3	375	0	1
3	376	0	1
3	377	0	1
3	378	1	0
3	379	1	1
3	380	1	1
3	381	1	0
3	382	1	1
3	383	0	1
3	384	1	1
3	385	1	0
3	386	0	1
3	387	1	1
3	388	1	1
3	389	1	1
3	390	1	1
3	391	1	1
3	392	1	1
3	393	0	1
3	394	1	0
3	395	0	0
3	396	1	0
3	397	1	0
3	398	0	1
3	399	1	1
3	400	1	0
3	401	0	1
3	402	0	1
3	403	0	1
3	404	0	1
3	405	0	0
3	406	1	1
3	407	1	0
3	408	0	1
3	409	0	0
3	410	1	1
3	411	0	1
3	412	0	1
3	413	0	1
3	414	1	0
3	415	0	1
3	416	1	1
3	417	0	1
3	418	0	0
3	419	0	0
3	420	1	0
3	421	1	0
3	422	0	1
3	423	0	0
3	424	0	1
3	425	0	1
3	426	1	0
3	427	1	1
3	428	0	1
3	429	0	0
3	430	0	1
3	431	0	1
3	432	1	0
3	433	0	0
3	434	0	0
3	435	0	1
3	436	0	0
3	437	0	1
3	438	0	1
3	439	0	1
3	440	0	1
3	441	0	1
3	442	1	0
3	443	0	0
3	444	1	1
3	445	0	0
3	446	0	0
3	447	1	1
3	448	0	1
3	449	1	0
3	450	0	0
3	451	0	0
3	452	0	1
3	453	0	1
3	454	0	0
3	455	0	0
3	456	0	0
3	457	0	1
3	458	1	0
3	459	1	0
3	460	0	0
3	461	0	0
3	462	1	1
3	463	0	1
3	464	0	1
3	465	1	0
3	466	0	0
3	467	0	1
3	468	0	0
3	469	0	0
3	470	1	0
3	471	0	0
3	472	0	0
3	473	0	0
3	474	0	0
3	475	0	0
3	476	0	1
3	477	0	0
3	478	0	1
3	479	0	1
3	480	0	0
3	481	0	0
3	482	0	0
3	483	0	0
3	484	0	0
3	485	0	0
3	486	0	0
3	487	0	0
3	488	0	1
3	489	0	0
3	490	1	0
3	491	0	1
3	492	0	0
3	493	0	0
3	494	0	0
3	495	0	0
3	496	0	0
3	497	0	0
3	498	0	0
3	499	0	0
3	500	0	0
3	501	0	0
3	502	1	0
3	503	0	0
3	504	0	0
3	505	1	0
3	506	0	0
3	507	0	0
3	508	0	0
3	509	1	0
3	510	0	0
3	511	0	0
3	512	1	0
3	513	0	0
3	514	0	1
3	515	0	0
3	516	0	0
3	517	0	0
3	518	0	0
3	519	0	1
3	520	1	0
3	521	1	0
3	522	0	0
3	523	1	0
3	524	1	0
3	525	1	0
3	526	1	0
3	527	1	0
3	528	1	0
3	529	1	0
3	530	1	0
3	531	1	0
3	532	1	1
3	533	0	0
3	534	1	0
3	535	1	1
3	536	1	1
3	537	1	0
3	538	0	0
3	539	0	0
3	540	1	1
3	541	1	0
3	542	1	1
3	543	1	0
3	544	1	0
3	545	1	1
3	546	1	0
3	547	1	1
3	548	1	1
3	549	1	0
3	550	1	1
3	551	1	0
3	552	0	0
3	553	0	0
3	554	0	0
3	555	0	1
3	556	0	1
3	557	0	0
3	558	0	1
3	559	0	0
3	560	0	0
3	561	0	0
3	562	0	0
3	563	0	1
3	564	0	0
3	565	0	0
3	566	0	0
3	567	1	0
3	568	0	0
3	569	0	0
3	570	0	0
3	571	0	0
3	572	0	0
3	573	0	0
3	574	0	0
3	575	0	0
3	576	1	0
3	577	0	0
3	578	1	0
3	579	0	0
3	580	1	0
3	581	0	0
3	582	0	0
3	583	1	0
3	584	0	0
3	585	1	0
3	586	1	0
3	587	1	1
3	588	0	0
3	589	0	1
3	590	1	1
3	591	1	0
3	592	1	0
3	593	1	1
3	594	1	0
3	595	1	1
3	596	1	0
3	597	0	0
3	598	1	0
3	599	1	0
3	600	1	1
3	601	1	0
3	602	1	0
3	603	0	0
3	604	1	0
3	605	1	0
3	606	0	1
3	607	1	1
3	608	1	1
3	609	1	1
3	610	1	0
3	611	1	1
3	612	1	1
3	613	0	0
3	614	1	0
3	615	0	1
3	616	1	0
3	617	1	0
3	618	1	0
3	619	1	0
3	620	1	0
3	621	0	0
3	622	0	1
3	623	0	1
3	624	0	1
3	625	0	0
3	626	0	0
3	627	0	0
3	628	0	0
3	629	0	0
3	630	1	1
3	631	0	1
3	632	0	0
3	633	0	1
3	634	0	0
3	635	1	0
3	636	0	1
3	637	0	0
3	638	0	1
3	639	1	1
3	640	0	1
3	641	0	0
3	642	0	1
3	643	0	0
3	644	0	0
3	645	1	0
3	646	0	0
3	647	0	1
3	648	1	0
3	649	0	1
3	650	0	0
3	651	1	1
3	652	0	0
3	653	1	1
3	654	1	1
3	655	0	0
3	656	1	1
3	657	0	1
3	658	0	0
3	659	0	0
3	660	0	0
3	661	1	1
3	662	1	0
3	663	0	0
3	664	1	1
3	665	1	0
3	666	0	0
3	667	1	0
3	668	1	0
3	669	1	1
3	670	1	0
3	671	1	1
3	672	1	1
3	673	0	0
3	674	1	1
3	675	1	0
3	676	1	0
3	677	1	0
3	678	1	0
3	679	1	1
3	680	1	1
3	681	1	1
3	682	1	1
3	683	1	1
3	684	0	1
3	685	1	1
3	686	0	1
3	687	1	0
3	688	1	1
3	689	1	0
3	690	0	1
3	691	0	0
3	692	1	1
3	693	0	0
3	694	0	0
3	695	0	0
3	696	1	1
3	697	1	1
3	698	0	0
3	699	0	1
3	700	0	1
3	701	0	1
3	702	1	0
3	703	0	1
3	704	1	1
3	705	1	0
3	706	0	1
3	707	0	0
3	708	0	0
3	709	0	1
3	710	0	1
3	711	0	0
3	712	0	0
3	713	0	0
3	714	1	0
3	715	0	1
3	716	0	0
3	717	1	1
3	718	0	1
3	719	0	0
3	720	0	1
3	721	1	0
3	722	1	1
3	723	0	0
3	724	1	0
3	725	1	0
3	726	0	1
3	727	0	0
3	728	0	0
3	729	0	1
3	730	1	0
3	731	1	0
3	732	1	1
3	733	1	0
3	734	0	1
3	735	1	0
3	736	1	0
3	737	1	0
3	738	1	1
3	739	0	1
3	740	1	0
3	741	1	1
3	742	1	1
3	743	1	1
3	744	1	0
3	745	1	0
3	746	1	0
3	747	1	0
3	748	1	1
3	749	1	1
3	750	1	1
3	751	0	1
3	752	1	1
3	753	1	1
3	754	1	0
3	755	0	1
3	756	1	1
3	757	0	0
3	758	1	1
3	759	1	1
3	760	1	0
3	761	1	1
3	762	0	1
3	763	1	0
3	764	0	1
3	765	1	1
3	766	1	0
3	767	0	0
3	768	0	0
3	769	0	1
3	770	1	1
3	771	0	1
3	772	0	1
3	773	0	1
3	774	0	1
3	775	0	0
3	776	1	1
3	777	0	0
3	778	0	0
3	779	0	1
3	780	0	0
3	781	0	0
3	782	0	1
3	783	0	0
3	784	0	0
3	785	0	0
3	786	0	1
3	787	0	0
3	788	1	0
3	789	0	0
3	790	0	0
3	791	0	1
3	792	0	0
3	793	0	1
3	794	0	1
3	795	0	1
3	796	0	0
3	797	0	1
3	798	0	1
3	799	1	0
3	800	0	1
4	1	1	0
4	2	1	1
4	3	1	1
4	4	1	1
4	5	1	1
4	6	1	0
4	7	1	1
4	8	1	0
4	9	1	1
4	10	1	1
4	11	0	1
4	12	1	1
4	13	1	1
4	14	1	1
4	15	1	1
4	16	1	1
4	17	1	1
4	18	1	1
4	19	1	1
4	20	0	1
4	21	1	1
4	22	1	1
4	23	1	1
4	24	1	1
4	25	0	1
4	26	1	1
4	27	1	1
4	28	1	1
4	29	1	1
4	30	1	1
4	31	0	1
4	32	1	1
4	33	0	1
4	34	1	1
4	35	1	1
4	36	1	1
4	37	1	1
4	38	1	1
4	39	1	1
4	40	1	1
4	41	1	1
4	42	1	1
4	43	1	1
4	44	1	1
4	45	1	1
4	46	0	1
4	47	0	1
4	48	1	1
4	49	0	1
4	50	0	1
4	51	0	1
4	52	1	1
4	53	0	1
4	54	0	1
4	55	0	1
4	56	1	1
4	57	1	1
4	58	0	1
4	59	1	1
4	60	1	1
4	61	1	1
4	62	1	1
4	63	1	1
4	64	1	1
4	65	1	1
4	66	1	1
4	67	1	1
4	68	1	1
4	69	1	1
4	70	0	1
4	71	1	1
4	72	1	1
4	73	1	1
4	74	0	1
4	75	1	1
4	76	1	1
4	77	1	1
4	78	1	1
4	79	0	1
4	80	0	1
4	81	1	1
4	82	1	1
4	83	1	0
4	84	1	1
4	85	1	0
4	86	0	1
4	87	0	1
4	88	1	0
4	89	1	1
4	90	0	1
4	91	1	1
4	92	1	1
4	93	1	1
4	94	1	1
4	95	1	1
4	96	1	1
4	97	1	1
4	98	1	1
4	99	1	1
4	100	1	1
4	101	0	1
4	102	0	1
4	103	0	1
4	104	1	1
4	105	1	1
4	106	1	1
4	107	1	1
4	108	1	1
4	109	1	1
4	110	0	1
4	111	0	1
4	112	1	1
4	113	1	0
4	114	1	1
4	115	1	1
4	116	0	1
4	117	1	0
4	118	1	1
4	119	1	1
4	120	1	1
4	121	0	1
4	122	0	1
4	123	0	1
4	124	0	1
4	125	0	1
4	126	0	1
4	127	0	1
4	128	0	1
4	129	0	1
4	130	0	0
4	131	0	0
4	132	0	1
4	133	1	0
4	134	0	0
4	135	0	0
4	136	1	0
4	137	0	0
4	138	0	1
4	139	0	0
4	140	0	0
4	141	0	0
4	142	0	0
4	143	0	0
4	144	1	0
4	145	0	0
4	146	0	0
4	147	0	0
4	148	0	0
4	149	0	1
4	150	0	0
4	151	1	0
4	152	0	0
4	153	1	0
4	154	0	0
4	155	1	0
4	156	0	0
4	157	0	0
4	158	1	0
4	159	0	0
4	160	1	0
4	161	1	0
4	162	0	0
4	163	1	0
4	164	1	0
4	165	1	0
4	166	1	0
4	167	1	1
4	168	1	1
4	169	1	1
4	170	1	0
4	171	1	0
4	172	1	1
4	173	1	1
4	174	1	0
4	175	1	0
4	176	1	1
4	177	0	1
4	178	1	1
4	179	0	1
4	180	1	1
4	181	1	1
4	182	1	1
4	183	1	1
4	184	0	1
4	185	0	1
4	186	1	1
4	187	1	0
4	188	1	1
4	189	1	1
4	190	1	1
4	191	0	1
4	192	1	1
4	193	0	1
4	194	0	1
4	195	0	1
4	196	0	1
4	197	0	1
4	198	0	1
4	199	0	1
4	200	0	1
4	201	0	0
4	202	1	0
4	203	1	0
4	204	0	1
4	205	0	0
4	206	0	0
4	207	0	0
4	208	0	1
4	209	0	1
4	210	0	1
4	211	1	0
4	212	0	1
4	213	0	0
4	214	0	0
4	215	0	0
4	216	1	0
4	217	0	0
4	218	0	0
4	219	0	0
4	220	1	0
4	221	0	0
4	222	1	0
4	223	0	0
4	224	1	0
4	225	1	0
4	226	1	0
4	227	0	1
4	228	0	0
4	229	1	0
4	230	1	1
4	231	1	0
4	232	1	1
4	233	1	0
4	234	1	1
4	235	1	0
4	236	1	1
4	237	0	1
4	238	1	1
4	239	1	1
4	240	1	0
4	241	1	0
4	242	1	1
4	243	1	1
4	244	1	1
4	245	1	1
4	246	1	1
4	247	1	1
4	248	1	1
4	249	1	1
4	250	0	1
4	251	1	1
4	252	0	1
4	253	1	1
4	254	1	1
4	255	1	1
4	256	1	1
4	257	1	1
4	258	1	1
4	259	1	1
4	260	1	1
4	261	0	1
4	262	0	1
4	263	0	1
4	264	1	1
4	265	0	1
4	266	1	1
4	267	0	1
4	268	0	1
4	269	0	1
4	270	0	1
4	271	0	1
4	272	0	1
4	273	0	0
4	274	1	1
4	275	0	1
4	276	1	0
4	277	0	1
4	278	0	1
4	279	0	0
4	280	0	0
4	281	1	1
4	282	1	0
4	283	1	1
4	284	0	1
4	285	0	0
4	286	0	0
4	287	0	0
4	288	0	0
4	289	0	0
4	290	0	0
4	291	1	0
4	292	1	0
4	293	1	1
4	294	0	0
4	295	1	0
4	296	1	0
4	297	1	1
4	298	1	1
4	299	1	1
4	300	0	1
4	301	1	1
4	302	1	1
4	303	1	1
4	304	1	1
4	305	1	1
4	306	0	1
4	307	1	1
4	308	1	1
4	309	1	1
4	310	1	0
4	311	1	0
4	312	0	1
4	313	1	1
4	314	1	1
4	315	1	1
4	316	1	1
4	317	1	1
4	318	1	1
4	319	0	1
4	320	1	0
4	321	1	1
4	322	1	1
4	323	1	1
4	324	1	1
4	325	1	1
4	326	0	1
4	327	1	1
4	328	1	1
4	329	1	1
4	330	1	1
4	331	0	1
4	332	0	1
4	333	0	1
4	334	0	1
4	335	0	0
4	336	1	1
4	337	0	1
4	338	1	1
4	339	0	1
4	340	0	1
4	341	0	1
4	342	1	1
4	343	0	1
4	344	0	1
4	345	1	1
4	346	0	1
4	347	1	1
4	348	1	1
4	349	0	1
4	350	0	0
4	351	0	0
4	352	0	1
4	353	1	0
4	354	0	0
4	355	1	0
4	356	0	1
4	357	0	1
4	358	0	1
4	359	0	0
4	360	0	0
4	361	1	0
4	362	1	0
4	363	1	0
4	364	1	0
4	365	0	0
4	366	1	0
4	367	1	0
4	368	1	1
4	369	1	1
4	370	1	1
4	371	1	0
4	372	1	1
4	373	1	1
4	374	0	0
4	375	0	1
4	376	0	1
4	377	0	1
4	378	1	1
4	379	1	1
4	380	1	1
4	381	1	1
4	382	1	0
4	383	0	1
4	384	1	1
4	385	1	0
4	386	0	1
4	387	1	0
4	388	1	1
4	389	1	1
4	390	1	1
4	391	1	1
4	392	1	1
4	393	0	1
4	394	1	1
4	395	0	1
4	396	1	1
4	397	1	1
4	398	0	1
4	399	1	1
4	400	1	1
4	401	0	1
4	402	0	1
4	403	0	1
4	404	0	1
4	405	0	0
4	406	1	1
4	407	1	1
4	408	0	0
4	409	0	0
4	410	1	1
4	411	0	1
4	412	0	0
4	413	0	0
4	414	1	0
4	415	0	1
4	416	1	1
4	417	0	0
4	418	0	0
4	419	0	0
4	420	1	1
4	421	1	0
4	422	0	0
4	423	0	0
4	424	0	0
4	425	0	0
4	426	1	0
4	427	1	0
4	428	0	1
4	429	0	0
4	430	0	1
4	431	0	0
4	432	1	0
4	433	0	0
4	434	0	0
4	435	0	0
4	436	0	0
4	437	0	0
4	438	0	0
4	439	0	0
4	440	0	0
4	441	0	0
4	442	1	0
4	443	0	0
4	444	1	0
4	445	0	0
4	446	0	0
4	447	1	1
4	448	0	0
4	449	1	0
4	450	0	0
4	451	0	0
4	452	0	0
4	453	0	0
4	454	0	0
4	455	0	0
4	456	0	0
4	457	0	0
4	458	1	0
4	459	1	0
4	460	0	0
4	461	0	0
4	462	1	0
4	463	0	0
4	464	0	0
4	465	1	0
4	466	0	0
4	467	0	0
4	468	0	0
4	469	0	0
4	470	1	0
4	471	0	0
4	472	0	0
4	473	0	0
4	474	0	0
4	475	0	0
4	476	0	0
4	477	0	0
4	478	0	0
4	479	0	0
4	480	0	0
4	481	0	0
4	482	0	0
4	483	0	0
4	484	0	0
4	485	0	0
4	486	0	0
4	487	0	0
4	488	0	0
4	489	0	0
4	490	1	0
4	491	0	0
4	492	0	0
4	493	0	0
4	494	0	0
4	495	0	0
4	496	0	0
4	497	0	0
4	498	0	0
4	499	0	0
4	500	0	0
4	501	0	0
4	502	1	0
4	503	0	0
4	504	0	0
4	505	1	0
4	506	0	0
4	507	0	0
4	508	0	0
4	509	1	0
4	510	0	0
4	511	0	0
4	512	1	0
4	513	0	0
4	514	0	0
4	515	0	0
4	516	0	0
4	517	0	0
4	518	0	0
4	519	0	0
4	520	1	0
4	521	1	0
4	522	0	0
4	523	1	0
4	524	1	0
4	525	1	0
4	526	1	0
4	527	1	1
4	528	1	0
4	529	1	0
4	530	1	1
4	531	1	0
4	532	1	0
4	533	0	0
4	534	1	0
4	535	1	1
4	536	1	1
4	537	1	0
4	538	0	0
4	539	0	0
4	540	1	0
4	541	1	0
4	542	1	0
4	543	1	0
4	544	1	1
4	545	1	1
4	546	1	1
4	547	1	1
4	548	1	1
4	549	1	1
4	550	1	1
4	551	1	1
4	552	0	1
4	553	0	1
4	554	0	1
4	555	0	1
4	556	0	1
4	557	0	1
4	558	0	1
4	559	0	0
4	560	0	0
4	561	0	0
4	562	0	0
4	563	0	0
4	564	0	0
4	565	0	0
4	566	0	0
4	567	1	0
4	568	0	0
4	569	0	1
4	570	0	0
4	571	0	0
4	572	0	0
4	573	0	0
4	574	0	0
4	575	0	0
4	576	1	0
4	577	0	0
4	578	1	0
4	579	0	0
4	580	1	0
4	581	0	0
4	582	0	0
4	583	1	0
4	584	0	0
4	585	1	0
4	586	1	0
4	587	1	0
4	588	0	0
4	589	0	0
4	590	1	0
4	591	1	0
4	592	1	1
4	593	1	1
4	594	1	0
4	595	1	1
4	596	1	0
4	597	0	0
4	598	1	0
4	599	1	1
4	600	1	1
4	601	1	1
4	602	1	1
4	603	0	1
4	604	1	1
4	605	1	1
4	606	0	1
4	607	1	0
4	608	1	0
4	609	1	1
4	610	1	1
4	611	1	1
4	612	1	1
4	613	0	1
4	614	1	1
4	615	0	1
4	616	1	1
4	617	1	1
4	618	1	1
4	619	1	1
4	620	1	1
4	621	0	1
4	622	0	1
4	623	0	1
4	624	0	1
4	625	0	1
4	626	0	1
4	627	0	0
4	628	0	0
4	629	0	1
4	630	1	1
4	631	0	0
4	632	0	1
4	633	0	1
4	634	0	0
4	635	1	0
4	636	0	0
4	637	0	0
4	638	0	1
4	639	1	1
4	640	0	1
4	641	0	0
4	642	0	0
4	643	0	0
4	644	0	0
4	645	1	0
4	646	0	0
4	647	0	1
4	648	1	1
4	649	0	0
4	650	0	1
4	651	1	0
4	652	0	0
4	653	1	0
4	654	1	0
4	655	0	0
4	656	1	0
4	657	0	0
4	658	0	0
4	659	0	0
4	660	0	0
4	661	1	0
4	662	1	0
4	663	0	0
4	664	1	0
4	665	1	0
4	666	0	1
4	667	1	1
4	668	1	1
4	669	1	0
4	670	1	0
4	671	1	0
4	672	1	0
4	673	0	0
4	674	1	0
4	675	1	1
4	676	1	0
4	677	1	1
4	678	1	1
4	679	1	1
4	680	1	1
4	681	1	1
4	682	1	1
4	683	1	1
4	684	0	1
4	685	1	1
4	686	0	1
4	687	1	1
4	688	1	1
4	689	1	1
4	690	0	1
4	691	0	1
4	692	1	1
4	693	0	0
4	694	0	0
4	695	0	1
4	696	1	1
4	697	1	0
4	698	0	0
4	699	0	0
4	700	0	1
4	701	0	1
4	702	1	1
4	703	0	1
4	704	1	0
4	705	1	1
4	706	0	0
4	707	0	1
4	708	0	0
4	709	0	0
4	710	0	0
4	711	0	1
4	712	0	0
4	713	0	0
4	714	1	0
4	715	0	0
4	716	0	0
4	717	1	0
4	718	0	0
4	719	0	0
4	720	0	0
4	721	1	0
4	722	1	0
4	723	0	0
4	724	1	1
4	725	1	0
4	726	0	0
4	727	0	0
4	728	0	0
4	729	0	0
4	730	1	0
4	731	1	0
4	732	1	0
4	733	1	1
4	734	0	0
4	735	1	0
4	736	1	0
4	737	1	0
4	738	1	0
4	739	0	0
4	740	1	1
4	741	1	0
4	742	1	1
4	743	1	1
4	744	1	1
4	745	1	1
4	746	1	1
4	747	1	1
4	748	1	1
4	749	1	1
4	750	1	1
4	751	0	1
4	752	1	1
4	753	1	1
4	754	1	1
4	755	0	1
4	756	1	1
4	757	0	1
4	758	1	1
4	759	1	1
4	760	1	1
4	761	1	1
4	762	0	0
4	763	1	0
4	764	0	1
4	765	1	1
4	766	1	1
4	767	0	1
4	768	0	1
4	769	0	0
4	770	1	1
4	771	0	1
4	772	0	1
4	773	0	0
4	774	0	1
4	775	0	0
4	776	1	0
4	777	0	0
4	778	0	1
4	779	0	1
4	780	0	1
4	781	0	1
4	782	0	0
4	783	0	1
4	784	0	0
4	785	0	0
4	786	0	0
4	787	0	0
4	788	1	0
4	789	0	0
4	790	0	0
4	791	0	0
4	792	0	0
4	793	0	0
4	794	0	0
4	795	0	0
4	796	0	0
4	797	0	0
4	798	0	0
4	799	1	0
4	800	0	0
5	1	1	1
5	2	1	1
5	3	1	0
5	4	1	0
5	5	1	1
5	6	1	0
5	7	1	1
5	8	1	0
5	9	1	1
5	10	1	1
5	11	0	0
5	12	1	0
5	13	1	1
5	14	1	0
5	15	1	1
5	16	1	1
5	17	1	1
5	18	1	0
5	19	1	0
5	20	0	1
5	21	1	1
5	22	1	0
5	23	1	1
5	24	1	0
5	25	0	0
5	26	1	1
5	27	1	0
5	28	1	0
5	29	1	0
5	30	1	1
5	31	0	0
5	32	1	1
5	33	0	0
5	34	1	1
5	35	1	0
5	36	1	1
5	37	1	1
5	38	1	1
5	39	1	0
5	40	1	1
5	41	1	1
5	42	1	1
5	43	1	1
5	44	1	0
5	45	1	1
5	46	0	1
5	47	0	1
5	48	1	0
5	49	0	1
5	50	0	0
5	51	0	0
5	52	1	0
5	53	0	0
5	54	0	0
5	55	0	1
5	56	1	0
5	57	1	1
5	58	0	0
5	59	1	0
5	60	1	1
5	61	1	0
5	62	1	1
5	63	1	1
5	64	1	0
5	65	1	1
5	66	1	0
5	67	1	0
5	68	1	1
5	69	1	1
5	70	0	1
5	71	1	0
5	72	1	0
5	73	1	0
5	74	0	0
5	75	1	0
5	76	1	1
5	77	1	0
5	78	1	1
5	79	0	1
5	80	0	0
5	81	1	0
5	82	1	1
5	83	1	1
5	84	1	1
5	85	1	0
5	86	0	1
5	87	0	1
5	88	1	1
5	89	1	1
5	90	0	1
5	91	1	0
5	92	1	1
5	93	1	1
5	94	1	0
5	95	1	0
5	96	1	1
5	97	1	1
5	98	1	1
5	99	1	0
5	100	1	1
5	101	0	1
5	102	0	1
5	103	0	0
5	104	1	1
5	105	1	1
5	106	1	0
5	107	1	1
5	108	1	1
5	109	1	1
5	110	0	1
5	111	0	1
5	112	1	0
5	113	1	1
5	114	1	0
5	115	1	1
5	116	0	0
5	117	1	0
5	118	1	0
5	119	1	0
5	120	1	0
5	121	0	0
5	122	0	1
5	123	0	1
5	124	0	0
5	125	0	1
5	126	0	0
5	127	0	1
5	128	0	1
5	129	0	0
5	130	0	0
5	131	0	0
5	132	0	1
5	133	1	0
5	134	0	1
5	135	0	0
5	136	1	0
5	137	0	0
5	138	0	0
5	139	0	1
5	140	0	1
5	141	0	1
5	142	0	1
5	143	0	0
5	144	1	1
5	145	0	1
5	146	0	1
5	147	0	1
5	148	0	1
5	149	0	0
5	150	0	1
5	151	1	0
5	152	0	0
5	153	1	0
5	154	0	1
5	155	1	1
5	156	0	1
5	157	0	1
5	158	1	0
5	159	0	1
5	160	1	1
5	161	1	1
5	162	0	1
5	163	1	0
5	164	1	1
5	165	1	0
5	166	1	0
5	167	1	1
5	168	1	1
5	169	1	1
5	170	1	0
5	171	1	0
5	172	1	0
5	173	1	1
5	174	1	0
5	175	1	1
5	176	1	1
5	177	0	0
5	178	1	1
5	179	0	1
5	180	1	0
5	181	1	0
5	182	1	1
5	183	1	0
5	184	0	0
5	185	0	1
5	186	1	0
5	187	1	1
5	188	1	0
5	189	1	1
5	190	1	1
5	191	0	0
5	192	1	0
5	193	0	0
5	194	0	0
5	195	0	0
5	196	0	0
5	197	0	1
5	198	0	0
5	199	0	0
5	200	0	0
5	201	0	1
5	202	1	0
5	203	1	0
5	204	0	1
5	205	0	0
5	206	0	1
5	207	0	1
5	208	0	0
5	209	0	1
5	210	0	0
5	211	1	0
5	212	0	1
5	213	0	0
5	214	0	0
5	215	0	0
5	216	1	0
5	217	0	1
5	218	0	0
5	219	0	0
5	220	1	1
5	221	0	0
5	222	1	0
5	223	0	0
5	224	1	1
5	225	1	0
5	226	1	0
5	227	0	1
5	228	0	0
5	229	1	0
5	230	1	0
5	231	1	0
5	232	1	1
5	233	1	1
5	234	1	0
5	235	1	0
5	236	1	0
5	237	0	1
5	238	1	0
5	239	1	1
5	240	1	1
5	241	1	1
5	242	1	0
5	243	1	1
5	244	1	0
5	245	1	0
5	246	1	1
5	247	1	0
5	248	1	1
5	249	1	1
5	250	0	0
5	251	1	1
5	252	0	0
5	253	1	0
5	254	1	0
5	255	1	1
5	256	1	1
5	257	1	0
5	258	1	1
5	259	1	0
5	260	1	1
5	261	0	1
5	262	0	1
5	263	0	0
5	264	1	1
5	265	0	1
5	266	1	1
5	267	0	1
5	268	0	1
5	269	0	0
5	270	0	1
5	271	0	1
5	272	0	0
5	273	0	0
5	274	1	0
5	275	0	1
5	276	1	0
5	277	0	0
5	278	0	1
5	279	0	1
5	280	0	0
5	281	1	0
5	282	1	1
5	283	1	0
5	284	0	1
5	285	0	0
5	286	0	1
5	287	0	0
5	288	0	0
5	289	0	0
5	290	0	0
5	291	1	1
5	292	1	0
5	293	1	0
5	294	0	0
5	295	1	1
5	296	1	0
5	297	1	1
5	298	1	1
5	299	1	1
5	300	0	1
5	301	1	0
5	302	1	0
5	303	1	0
5	304	1	0
5	305	1	1
5	306	0	1
5	307	1	1
5	308	1	1
5	309	1	1
5	310	1	0
5	311	1	1
5	312	0	1
5	313	1	0
5	314	1	1
5	315	1	0
5	316	1	0
5	317	1	0
5	318	1	1
5	319	0	1
5	320	1	1
5	321	1	0
5	322	1	1
5	323	1	1
5	324	1	0
5	325	1	1
5	326	0	1
5	327	1	1
5	328	1	1
5	329	1	0
5	330	1	0
5	331	0	0
5	332	0	1
5	333	0	0
5	334	0	0
5	335	0	0
5	336	1	0
5	337	0	0
5	338	1	0
5	339	0	0
5	340	0	1
5	341	0	0
5	342	1	1
5	343	0	1
5	344	0	0
5	345	1	0
5	346	0	1
5	347	1	0
5	348	1	0
5	349	0	0
5	350	0	1
5	351	0	1
5	352	0	0
5	353	1	0
5	354	0	0
5	355	1	1
5	356	0	0
5	357	0	1
5	358	0	1
5	359	0	1
5	360	0	1
5	361	1	1
5	362	1	1
5	363	1	0
5	364	1	0
5	365	0	1
5	366	1	1
5	367	1	0
5	368	1	0
5	369	1	1
5	370	1	0
5	371	1	0
5	372	1	1
5	373	1	0
5	374	0	0
5	375	0	1
5	376	0	0
5	377	0	1
5	378	1	1
5	379	1	1
5	380	1	0
5	381	1	0
5	382	1	1
5	383	0	1
5	384	1	1
5	385	1	1
5	386	0	1
5	387	1	0
5	388	1	0
5	389	1	0
5	390	1	0
5	391	1	1
5	392	1	1
5	393	0	1
5	394	1	1
5	395	0	0
5	396	1	1
5	397	1	1
5	398	0	0
5	399	1	0
5	400	1	1
5	401	0	1
5	402	0	0
5	403	0	1
5	404	0	1
5	405	0	1
5	406	1	0
5	407	1	1
5	408	0	1
5	409	0	1
5	410	1	0
5	411	0	0
5	412	0	1
5	413	0	0
5	414	1	1
5	415	0	1
5	416	1	0
5	417	0	1
5	418	0	1
5	419	0	1
5	420	1	0
5	421	1	0
5	422	0	0
5	423	0	1
5	424	0	0
5	425	0	1
5	426	1	0
5	427	1	0
5	428	0	1
5	429	0	1
5	430	0	0
5	431	0	0
5	432	1	0
5	433	0	1
5	434	0	1
5	435	0	0
5	436	0	0
5	437	0	1
5	438	0	0
5	439	0	1
5	440	0	1
5	441	0	0
5	442	1	0
5	443	0	0
5	444	1	0
5	445	0	1
5	446	0	1
5	447	1	1
5	448	0	1
5	449	1	0
5	450	0	1
5	451	0	1
5	452	0	1
5	453	0	1
5	454	0	0
5	455	0	0
5	456	0	0
5	457	0	0
5	458	1	1
5	459	1	0
5	460	0	1
5	461	0	1
5	462	1	0
5	463	0	0
5	464	0	1
5	465	1	0
5	466	0	1
5	467	0	1
5	468	0	0
5	469	0	0
5	470	1	0
5	471	0	1
5	472	0	0
5	473	0	0
5	474	0	0
5	475	0	1
5	476	0	1
5	477	0	0
5	478	0	0
5	479	0	0
5	480	0	0
5	481	0	0
5	482	0	0
5	483	0	0
5	484	0	1
5	485	0	0
5	486	0	0
5	487	0	1
5	488	0	1
5	489	0	0
5	490	1	0
5	491	0	0
5	492	0	0
5	493	0	0
5	494	0	0
5	495	0	0
5	496	0	0
5	497	0	1
5	498	0	0
5	499	0	0
5	500	0	0
5	501	0	0
5	502	1	1
5	503	0	1
5	504	0	1
5	505	1	1
5	506	0	1
5	507	0	0
5	508	0	0
5	509	1	0
5	510	0	1
5	511	0	0
5	512	1	0
5	513	0	0
5	514	0	0
5	515	0	1
5	516	0	0
5	517	0	1
5	518	0	0
5	519	0	0
5	520	1	1
5	521	1	1
5	522	0	0
5	523	1	0
5	524	1	0
5	525	1	0
5	526	1	0
5	527	1	0
5	528	1	0
5	529	1	0
5	530	1	1
5	531	1	0
5	532	1	0
5	533	0	0
5	534	1	0
5	535	1	0
5	536	1	0
5	537	1	0
5	538	0	1
5	539	0	0
5	540	1	0
5	541	1	1
5	542	1	0
5	543	1	0
5	544	1	0
5	545	1	0
5	546	1	1
5	547	1	1
5	548	1	1
5	549	1	1
5	550	1	0
5	551	1	1
5	552	0	0
5	553	0	0
5	554	0	0
5	555	0	0
5	556	0	1
5	557	0	1
5	558	0	1
5	559	0	1
5	560	0	0
5	561	0	1
5	562	0	0
5	563	0	0
5	564	0	0
5	565	0	0
5	566	0	0
5	567	1	1
5	568	0	0
5	569	0	0
5	570	0	1
5	571	0	0
5	572	0	1
5	573	0	1
5	574	0	1
5	575	0	0
5	576	1	0
5	577	0	0
5	578	1	1
5	579	0	0
5	580	1	0
5	581	0	1
5	582	0	1
5	583	1	0
5	584	0	0
5	585	1	0
5	586	1	0
5	587	1	1
5	588	0	0
5	589	0	1
5	590	1	1
5	591	1	0
5	592	1	1
5	593	1	0
5	594	1	1
5	595	1	0
5	596	1	1
5	597	0	1
5	598	1	1
5	599	1	1
5	600	1	0
5	601	1	1
5	602	1	1
5	603	0	0
5	604	1	1
5	605	1	0
5	606	0	0
5	607	1	1
5	608	1	0
5	609	1	1
5	610	1	1
5	611	1	0
5	612	1	0
5	613	0	0
5	614	1	1
5	615	0	0
5	616	1	0
5	617	1	0
5	618	1	0
5	619	1	0
5	620	1	1
5	621	0	0
5	622	0	0
5	623	0	1
5	624	0	1
5	625	0	0
5	626	0	0
5	627	0	1
5	628	0	1
5	629	0	0
5	630	1	1
5	631	0	1
5	632	0	1
5	633	0	0
5	634	0	1
5	635	1	0
5	636	0	0
5	637	0	0
5	638	0	0
5	639	1	1
5	640	0	1
5	641	0	0
5	642	0	0
5	643	0	0
5	644	0	0
5	645	1	1
5	646	0	0
5	647	0	0
5	648	1	1
5	649	0	1
5	650	0	1
5	651	1	0
5	652	0	1
5	653	1	1
5	654	1	1
5	655	0	1
5	656	1	0
5	657	0	1
5	658	0	0
5	659	0	0
5	660	0	1
5	661	1	1
5	662	1	0
5	663	0	0
5	664	1	0
5	665	1	0
5	666	0	1
5	667	1	1
5	668	1	1
5	669	1	1
5	670	1	0
5	671	1	0
5	672	1	1
5	673	0	1
5	674	1	1
5	675	1	1
5	676	1	0
5	677	1	0
5	678	1	0
5	679	1	0
5	680	1	0
5	681	1	1
5	682	1	0
5	683	1	1
5	684	0	1
5	685	1	0
5	686	0	1
5	687	1	1
5	688	1	0
5	689	1	0
5	690	0	0
5	691	0	0
5	692	1	1
5	693	0	1
5	694	0	0
5	695	0	1
5	696	1	1
5	697	1	1
5	698	0	1
5	699	0	0
5	700	0	0
5	701	0	1
5	702	1	1
5	703	0	0
5	704	1	0
5	705	1	0
5	706	0	0
5	707	0	1
5	708	0	1
5	709	0	0
5	710	0	1
5	711	0	0
5	712	0	0
5	713	0	0
5	714	1	0
5	715	0	1
5	716	0	1
5	717	1	1
5	718	0	1
5	719	0	1
5	720	0	1
5	721	1	1
5	722	1	0
5	723	0	0
5	724	1	1
5	725	1	0
5	726	0	1
5	727	0	1
5	728	0	1
5	729	0	0
5	730	1	1
5	731	1	1
5	732	1	0
5	733	1	0
5	734	0	1
5	735	1	0
5	736	1	0
5	737	1	1
5	738	1	1
5	739	0	0
5	740	1	0
5	741	1	0
5	742	1	0
5	743	1	0
5	744	1	0
5	745	1	1
5	746	1	0
5	747	1	0
5	748	1	0
5	749	1	0
5	750	1	0
5	751	0	0
5	752	1	0
5	753	1	0
5	754	1	0
5	755	0	0
5	756	1	1
5	757	0	1
5	758	1	0
5	759	1	1
5	760	1	1
5	761	1	0
5	762	0	1
5	763	1	1
5	764	0	0
5	765	1	0
5	766	1	1
5	767	0	1
5	768	0	0
5	769	0	1
5	770	1	0
5	771	0	1
5	772	0	1
5	773	0	1
5	774	0	0
5	775	0	1
5	776	1	0
5	777	0	1
5	778	0	1
5	779	0	1
5	780	0	0
5	781	0	1
5	782	0	1
5	783	0	0
5	784	0	1
5	785	0	1
5	786	0	1
5	787	0	1
5	788	1	1
5	789	0	0
5	790	0	1
5	791	0	0
5	792	0	1
5	793	0	0
5	794	0	1
5	795	0	0
5	796	0	0
5	797	0	0
5	798	0	0
5	799	1	1
5	800	0	1
6	1	1	1
6	2	1	1
6	3	1	1
6	4	1	0
6	5	1	1
6	6	1	1
6	7	1	1
6	8	1	1
6	9	1	1
6	10	1	1
6	11	0	1
6	12	1	0
6	13	1	0
6	14	1	1
6	15	1	1
6	16	1	1
6	17	1	1
6	18	1	1
6	19	1	1
6	20	0	0
6	21	1	0
6	22	1	1
6	23	1	1
6	24	1	1
6	25	0	1
6	26	1	0
6	27	1	0
6	28	1	1
6	29	1	1
6	30	1	1
6	31	0	0
6	32	1	1
6	33	0	1
6	34	1	0
6	35	1	0
6	36	1	1
6	37	1	1
6	38	1	1
6	39	1	1
6	40	1	0
6	41	1	1
6	42	1	1
6	43	1	1
6	44	1	0
6	45	1	1
6	46	0	1
6	47	0	1
6	48	1	0
6	49	0	1
6	50	0	0
6	51	0	0
6	52	1	0
6	53	0	0
6	54	0	0
6	55	0	0
6	56	1	0
6	57	1	1
6	58	0	1
6	59	1	0
6	60	1	0
6	61	1	1
6	62	1	0
6	63	1	1
6	64	1	1
6	65	1	1
6	66	1	1
6	67	1	1
6	68	1	1
6	69	1	1
6	70	0	1
6	71	1	0
6	72	1	1
6	73	1	1
6	74	0	1
6	75	1	1
6	76	1	0
6	77	1	0
6	78	1	0
6	79	0	1
6	80	0	1
6	81	1	0
6	82	1	0
6	83	1	0
6	84	1	0
6	85	1	1
6	86	0	1
6	87	0	0
6	88	1	1
6	89	1	1
6	90	0	1
6	91	1	0
6	92	1	0
6	93	1	1
6	94	1	1
6	95	1	1
6	96	1	0
6	97	1	1
6	98	1	1
6	99	1	1
6	100	1	1
6	101	0	1
6	102	0	0
6	103	0	0
6	104	1	0
6	105	1	1
6	106	1	0
6	107	1	0
6	108	1	1
6	109	1	1
6	110	0	1
6	111	0	1
6	112	1	1
6	113	1	1
6	114	1	1
6	115	1	0
6	116	0	0
6	117	1	0
6	118	1	1
6	119	1	1
6	120	1	1
6	121	0	0
6	122	0	0
6	123	0	0
6	124	0	0
6	125	0	1
6	126	0	0
6	127	0	1
6	128	0	0
6	129	0	0
6	130	0	0
6	131	0	0
6	132	0	0
6	133	1	0
6	134	0	0
6	135	0	0
6	136	1	0
6	137	0	1
6	138	0	0
6	139	0	0
6	140	0	0
6	141	0	0
6	142	0	0
6	143	0	0
6	144	1	0
6	145	0	1
6	146	0	1
6	147	0	0
6	148	0	0
6	149	0	0
6	150	0	0
6	151	1	0
6	152	0	1
6	153	1	0
6	154	0	1
6	155	1	0
6	156	0	1
6	157	0	1
6	158	1	0
6	159	0	0
6	160	1	1
6	161	1	1
6	162	0	0
6	163	1	1
6	164	1	1
6	165	1	1
6	166	1	1
6	167	1	1
6	168	1	0
6	169	1	1
6	170	1	1
6	171	1	1
6	172	1	1
6	173	1	1
6	174	1	1
6	175	1	1
6	176	1	1
6	177	0	1
6	178	1	1
6	179	0	1
6	180	1	1
6	181	1	0
6	182	1	1
6	183	1	1
6	184	0	0
6	185	0	0
6	186	1	0
6	187	1	0
6	188	1	1
6	189	1	0
6	190	1	0
6	191	0	1
6	192	1	1
6	193	0	0
6	194	0	0
6	195	0	1
6	196	0	1
6	197	0	0
6	198	0	0
6	199	0	0
6	200	0	0
6	201	0	0
6	202	1	0
6	203	1	0
6	204	0	1
6	205	0	0
6	206	0	0
6	207	0	0
6	208	0	0
6	209	0	0
6	210	0	0
6	211	1	0
6	212	0	0
6	213	0	0
6	214	0	0
6	215	0	0
6	216	1	0
6	217	0	1
6	218	0	1
6	219	0	0
6	220	1	0
6	221	0	1
6	222	1	0
6	223	0	0
6	224	1	0
6	225	1	0
6	226	1	0
6	227	0	1
6	228	0	0
6	229	1	0
6	230	1	1
6	231	1	1
6	232	1	1
6	233	1	1
6	234	1	1
6	235	1	1
6	236	1	1
6	237	0	1
6	238	1	1
6	239	1	0
6	240	1	1
6	241	1	1
6	242	1	1
6	243	1	1
6	244	1	1
6	245	1	1
6	246	1	1
6	247	1	1
6	248	1	1
6	249	1	1
6	250	0	1
6	251	1	0
6	252	0	1
6	253	1	0
6	254	1	1
6	255	1	1
6	256	1	1
6	257	1	1
6	258	1	1
6	259	1	1
6	260	1	1
6	261	0	1
6	262	0	1
6	263	0	0
6	264	1	0
6	265	0	0
6	266	1	0
6	267	0	1
6	268	0	1
6	269	0	0
6	270	0	0
6	271	0	0
6	272	0	0
6	273	0	0
6	274	1	0
6	275	0	1
6	276	1	0
6	277	0	0
6	278	0	0
6	279	0	0
6	280	0	0
6	281	1	1
6	282	1	1
6	283	1	0
6	284	0	0
6	285	0	0
6	286	0	0
6	287	0	0
6	288	0	1
6	289	0	0
6	290	0	0
6	291	1	0
6	292	1	0
6	293	1	0
6	294	0	1
6	295	1	0
6	296	1	1
6	297	1	1
6	298	1	1
6	299	1	1
6	300	0	1
6	301	1	1
6	302	1	0
6	303	1	1
6	304	1	1
6	305	1	0
6	306	0	1
6	307	1	1
6	308	1	1
6	309	1	0
6	310	1	1
6	311	1	1
6	312	0	1
6	313	1	1
6	314	1	1
6	315	1	1
6	316	1	1
6	317	1	1
6	318	1	0
6	319	0	1
6	320	1	0
6	321	1	1
6	322	1	1
6	323	1	1
6	324	1	0
6	325	1	1
6	326	0	1
6	327	1	0
6	328	1	0
6	329	1	1
6	330	1	1
6	331	0	1
6	332	0	1
6	333	0	0
6	334	0	0
6	335	0	1
6	336	1	0
6	337	0	1
6	338	1	0
6	339	0	1
6	340	0	0
6	341	0	1
6	342	1	0
6	343	0	1
6	344	0	0
6	345	1	0
6	346	0	0
6	347	1	0
6	348	1	1
6	349	0	1
6	350	0	0
6	351	0	1
6	352	0	0
6	353	1	1
6	354	0	0
6	355	1	1
6	356	0	1
6	357	0	1
6	358	0	0
6	359	0	0
6	360	0	0
6	361	1	0
6	362	1	1
6	363	1	1
6	364	1	1
6	365	0	0
6	366	1	1
6	367	1	0
6	368	1	1
6	369	1	0
6	370	1	1
6	371	1	1
6	372	1	1
6	373	1	1
6	374	0	1
6	375	0	1
6	376	0	0
6	377	0	0
6	378	1	0
6	379	1	1
6	380	1	1
6	381	1	1
6	382	1	1
6	383	0	1
6	384	1	0
6	385	1	1
6	386	0	1
6	387	1	0
6	388	1	1
6	389	1	1
6	390	1	1
6	391	1	1
6	392	1	1
6	393	0	1
6	394	1	0
6	395	0	1
6	396	1	0
6	397	1	1
6	398	0	1
6	399	1	0
6	400	1	1
6	401	0	1
6	402	0	0
6	403	0	1
6	404	0	0
6	405	0	0
6	406	1	0
6	407	1	1
6	408	0	1
6	409	0	0
6	410	1	0
6	411	0	1
6	412	0	1
6	413	0	0
6	414	1	0
6	415	0	1
6	416	1	0
6	417	0	1
6	418	0	0
6	419	0	0
6	420	1	0
6	421	1	1
6	422	0	0
6	423	0	0
6	424	0	1
6	425	0	1
6	426	1	0
6	427	1	0
6	428	0	0
6	429	0	0
6	430	0	0
6	431	0	0
6	432	1	0
6	433	0	1
6	434	0	1
6	435	0	0
6	436	0	1
6	437	0	0
6	438	0	0
6	439	0	0
6	440	0	0
6	441	0	0
6	442	1	0
6	443	0	1
6	444	1	1
6	445	0	0
6	446	0	0
6	447	1	0
6	448	0	0
6	449	1	1
6	450	0	0
6	451	0	0
6	452	0	0
6	453	0	0
6	454	0	0
6	455	0	0
6	456	0	0
6	457	0	1
6	458	1	0
6	459	1	1
6	460	0	1
6	461	0	0
6	462	1	1
6	463	0	1
6	464	0	1
6	465	1	0
6	466	0	1
6	467	0	0
6	468	0	1
6	469	0	0
6	470	1	1
6	471	0	1
6	472	0	1
6	473	0	1
6	474	0	0
6	475	0	0
6	476	0	0
6	477	0	0
6	478	0	1
6	479	0	0
6	480	0	0
6	481	0	0
6	482	0	0
6	483	0	0
6	484	0	0
6	485	0	0
6	486	0	0
6	487	0	0
6	488	0	0
6	489	0	0
6	490	1	0
6	491	0	1
6	492	0	0
6	493	0	0
6	494	0	0
6	495	0	0
6	496	0	0
6	497	0	0
6	498	0	0
6	499	0	0
6	500	0	0
6	501	0	0
6	502	1	1
6	503	0	0
6	504	0	0
6	505	1	1
6	506	0	0
6	507	0	1
6	508	0	0
6	509	1	0
6	510	0	1
6	511	0	0
6	512	1	0
6	513	0	1
6	514	0	0
6	515	0	0
6	516	0	0
6	517	0	0
6	518	0	0
6	519	0	0
6	520	1	0
6	521	1	0
6	522	0	0
6	523	1	0
6	524	1	1
6	525	1	0
6	526	1	1
6	527	1	0
6	528	1	1
6	529	1	1
6	530	1	0
6	531	1	1
6	532	1	1
6	533	0	1
6	534	1	0
6	535	1	1
6	536	1	1
6	537	1	1
6	538	0	1
6	539	0	1
6	540	1	1
6	541	1	0
6	542	1	0
6	543	1	1
6	544	1	1
6	545	1	1
6	546	1	1
6	547	1	1
6	548	1	1
6	549	1	1
6	550	1	1
6	551	1	1
6	552	0	1
6	553	0	1
6	554	0	0
6	555	0	1
6	556	0	0
6	557	0	1
6	558	0	0
6	559	0	0
6	560	0	1
6	561	0	0
6	562	0	0
6	563	0	0
6	564	0	0
6	565	0	0
6	566	0	0
6	567	1	0
6	568	0	1
6	569	0	1
6	570	0	0
6	571	0	0
6	572	0	0
6	573	0	0
6	574	0	0
6	575	0	1
6	576	1	0
6	577	0	0
6	578	1	0
6	579	0	1
6	580	1	0
6	581	0	1
6	582	0	0
6	583	1	0
6	584	0	1
6	585	1	0
6	586	1	1
6	587	1	1
6	588	0	1
6	589	0	1
6	590	1	0
6	591	1	0
6	592	1	1
6	593	1	1
6	594	1	1
6	595	1	1
6	596	1	1
6	597	0	1
6	598	1	1
6	599	1	1
6	600	1	1
6	601	1	1
6	602	1	1
6	603	0	1
6	604	1	1
6	605	1	1
6	606	0	1
6	607	1	0
6	608	1	1
6	609	1	0
6	610	1	1
6	611	1	1
6	612	1	1
6	613	0	1
6	614	1	1
6	615	0	0
6	616	1	1
6	617	1	1
6	618	1	1
6	619	1	1
6	620	1	1
6	621	0	1
6	622	0	0
6	623	0	0
6	624	0	0
6	625	0	1
6	626	0	0
6	627	0	0
6	628	0	0
6	629	0	0
6	630	1	0
6	631	0	0
6	632	0	0
6	633	0	0
6	634	0	0
6	635	1	0
6	636	0	0
6	637	0	0
6	638	0	0
6	639	1	0
6	640	0	1
6	641	0	0
6	642	0	0
6	643	0	1
6	644	0	0
6	645	1	1
6	646	0	1
6	647	0	0
6	648	1	0
6	649	0	1
6	650	0	0
6	651	1	1
6	652	0	1
6	653	1	0
6	654	1	0
6	655	0	1
6	656	1	1
6	657	0	1
6	658	0	0
6	659	0	1
6	660	0	1
6	661	1	0
6	662	1	0
6	663	0	0
6	664	1	0
6	665	1	1
6	666	0	1
6	667	1	1
6	668	1	1
6	669	1	1
6	670	1	1
6	671	1	1
6	672	1	1
6	673	0	1
6	674	1	1
6	675	1	1
6	676	1	0
6	677	1	1
6	678	1	1
6	679	1	1
6	680	1	1
6	681	1	1
6	682	1	1
6	683	1	1
6	684	0	1
6	685	1	1
6	686	0	1
6	687	1	0
6	688	1	1
6	689	1	1
6	690	0	1
6	691	0	1
6	692	1	1
6	693	0	1
6	694	0	1
6	695	0	0
6	696	1	0
6	697	1	1
6	698	0	1
6	699	0	1
6	700	0	0
6	701	0	0
6	702	1	0
6	703	0	0
6	704	1	0
6	705	1	0
6	706	0	1
6	707	0	1
6	708	0	0
6	709	0	1
6	710	0	0
6	711	0	0
6	712	0	1
6	713	0	0
6	714	1	0
6	715	0	0
6	716	0	0
6	717	1	0
6	718	0	1
6	719	0	1
6	720	0	0
6	721	1	0
6	722	1	1
6	723	0	1
6	724	1	1
6	725	1	1
6	726	0	1
6	727	0	0
6	728	0	0
6	729	0	1
6	730	1	0
6	731	1	1
6	732	1	0
6	733	1	1
6	734	0	1
6	735	1	0
6	736	1	1
6	737	1	1
6	738	1	1
6	739	0	1
6	740	1	1
6	741	1	1
6	742	1	0
6	743	1	1
6	744	1	1
6	745	1	1
6	746	1	1
6	747	1	1
6	748	1	1
6	749	1	1
6	750	1	1
6	751	0	1
6	752	1	0
6	753	1	0
6	754	1	1
6	755	0	1
6	756	1	1
6	757	0	1
6	758	1	0
6	759	1	1
6	760	1	1
6	761	1	1
6	762	0	1
6	763	1	0
6	764	0	1
6	765	1	0
6	766	1	1
6	767	0	0
6	768	0	0
6	769	0	0
6	770	1	0
6	771	0	1
6	772	0	0
6	773	0	1
6	774	0	0
6	775	0	0
6	776	1	0
6	777	0	1
6	778	0	0
6	779	0	1
6	780	0	0
6	781	0	0
6	782	0	0
6	783	0	0
6	784	0	1
6	785	0	0
6	786	0	0
6	787	0	0
6	788	1	0
6	789	0	1
6	790	0	1
6	791	0	0
6	792	0	0
6	793	0	0
6	794	0	0
6	795	0	0
6	796	0	0
6	797	0	0
6	798	0	0
6	799	1	0
6	800	0	0
7	1	1	0
7	2	1	0
7	3	1	1
7	4	1	0
7	5	1	1
7	6	1	1
7	7	1	1
7	8	1	0
7	9	1	1
7	10	1	1
7	11	0	1
7	12	1	0
7	13	1	1
7	14	1	1
7	15	1	1
7	16	1	1
7	17	1	1
7	18	1	1
7	19	1	1
7	20	0	1
7	21	1	1
7	22	1	0
7	23	1	1
7	24	1	1
7	25	0	1
7	26	1	1
7	27	1	1
7	28	1	1
7	29	1	1
7	30	1	1
7	31	0	1
7	32	1	1
7	33	0	1
7	34	1	0
7	35	1	1
7	36	1	1
7	37	1	1
7	38	1	1
7	39	1	1
7	40	1	1
7	41	1	1
7	42	1	1
7	43	1	1
7	44	1	1
7	45	1	1
7	46	0	1
7	47	0	1
7	48	1	0
7	49	0	1
7	50	0	0
7	51	0	0
7	52	1	1
7	53	0	0
7	54	0	0
7	55	0	1
7	56	1	0
7	57	1	0
7	58	0	1
7	59	1	0
7	60	1	1
7	61	1	1
7	62	1	1
7	63	1	1
7	64	1	1
7	65	1	1
7	66	1	1
7	67	1	1
7	68	1	1
7	69	1	1
7	70	0	1
7	71	1	1
7	72	1	1
7	73	1	1
7	74	0	1
7	75	1	1
7	76	1	1
7	77	1	1
7	78	1	1
7	79	0	1
7	80	0	1
7	81	1	1
7	82	1	0
7	83	1	1
7	84	1	1
7	85	1	1
7	86	0	1
7	87	0	1
7	88	1	1
7	89	1	1
7	90	0	1
7	91	1	0
7	92	1	1
7	93	1	1
7	94	1	1
7	95	1	0
7	96	1	0
7	97	1	1
7	98	1	1
7	99	1	1
7	100	1	1
7	101	0	1
7	102	0	1
7	103	0	0
7	104	1	0
7	105	1	1
7	106	1	1
7	107	1	1
7	108	1	0
7	109	1	1
7	110	0	1
7	111	0	1
7	112	1	0
7	113	1	1
7	114	1	1
7	115	1	0
7	116	0	1
7	117	1	1
7	118	1	1
7	119	1	0
7	120	1	0
7	121	0	1
7	122	0	1
7	123	0	1
7	124	0	0
7	125	0	0
7	126	0	0
7	127	0	0
7	128	0	0
7	129	0	0
7	130	0	0
7	131	0	0
7	132	0	0
7	133	1	0
7	134	0	0
7	135	0	0
7	136	1	0
7	137	0	1
7	138	0	0
7	139	0	0
7	140	0	0
7	141	0	0
7	142	0	0
7	143	0	0
7	144	1	1
7	145	0	0
7	146	0	0
7	147	0	0
7	148	0	0
7	149	0	0
7	150	0	0
7	151	1	0
7	152	0	0
7	153	1	0
7	154	0	1
7	155	1	1
7	156	0	1
7	157	0	0
7	158	1	1
7	159	0	0
7	160	1	0
7	161	1	1
7	162	0	1
7	163	1	1
7	164	1	1
7	165	1	1
7	166	1	1
7	167	1	1
7	168	1	1
7	169	1	1
7	170	1	1
7	171	1	1
7	172	1	1
7	173	1	1
7	174	1	1
7	175	1	1
7	176	1	1
7	177	0	1
7	178	1	0
7	179	0	1
7	180	1	1
7	181	1	1
7	182	1	1
7	183	1	1
7	184	0	0
7	185	0	0
7	186	1	1
7	187	1	0
7	188	1	1
7	189	1	1
7	190	1	1
7	191	0	1
7	192	1	1
7	193	0	1
7	194	0	0
7	195	0	0
7	196	0	1
7	197	0	0
7	198	0	0
7	199	0	0
7	200	0	0
7	201	0	0
7	202	1	0
7	203	1	0
7	204	0	0
7	205	0	0
7	206	0	0
7	207	0	0
7	208	0	1
7	209	0	0
7	210	0	0
7	211	1	0
7	212	0	0
7	213	0	0
7	214	0	1
7	215	0	0
7	216	1	0
7	217	0	0
7	218	0	0
7	219	0	0
7	220	1	0
7	221	0	0
7	222	1	0
7	223	0	1
7	224	1	0
7	225	1	0
7	226	1	0
7	227	0	1
7	228	0	1
7	229	1	0
7	230	1	1
7	231	1	1
7	232	1	1
7	233	1	1
7	234	1	1
7	235	1	1
7	236	1	1
7	237	0	1
7	238	1	1
7	239	1	1
7	240	1	1
7	241	1	1
7	242	1	1
7	243	1	1
7	244	1	1
7	245	1	1
7	246	1	1
7	247	1	1
7	248	1	1
7	249	1	1
7	250	0	1
7	251	1	1
7	252	0	1
7	253	1	0
7	254	1	1
7	255	1	1
7	256	1	1
7	257	1	1
7	258	1	1
7	259	1	1
7	260	1	1
7	261	0	1
7	262	0	1
7	263	0	1
7	264	1	0
7	265	0	0
7	266	1	0
7	267	0	1
7	268	0	0
7	269	0	0
7	270	0	1
7	271	0	0
7	272	0	0
7	273	0	0
7	274	1	1
7	275	0	0
7	276	1	0
7	277	0	0
7	278	0	1
7	279	0	0
7	280	0	0
7	281	1	0
7	282	1	1
7	283	1	0
7	284	0	1
7	285	0	1
7	286	0	0
7	287	0	1
7	288	0	0
7	289	0	0
7	290	0	1
7	291	1	0
7	292	1	1
7	293	1	0
7	294	0	1
7	295	1	0
7	296	1	0
7	297	1	1
7	298	1	1
7	299	1	1
7	300	0	1
7	301	1	1
7	302	1	0
7	303	1	1
7	304	1	1
7	305	1	1
7	306	0	1
7	307	1	0
7	308	1	1
7	309	1	1
7	310	1	1
7	311	1	1
7	312	0	1
7	313	1	1
7	314	1	0
7	315	1	1
7	316	1	1
7	317	1	1
7	318	1	1
7	319	0	1
7	320	1	1
7	321	1	0
7	322	1	1
7	323	1	1
7	324	1	1
7	325	1	1
7	326	0	1
7	327	1	1
7	328	1	0
7	329	1	1
7	330	1	0
7	331	0	1
7	332	0	0
7	333	0	0
7	334	0	0
7	335	0	0
7	336	1	0
7	337	0	0
7	338	1	1
7	339	0	0
7	340	0	0
7	341	0	0
7	342	1	1
7	343	0	0
7	344	0	0
7	345	1	0
7	346	0	0
7	347	1	1
7	348	1	1
7	349	0	0
7	350	0	1
7	351	0	0
7	352	0	0
7	353	1	1
7	354	0	0
7	355	1	0
7	356	0	0
7	357	0	0
7	358	0	0
7	359	0	1
7	360	0	1
7	361	1	1
7	362	1	0
7	363	1	0
7	364	1	0
7	365	0	1
7	366	1	0
7	367	1	1
7	368	1	1
7	369	1	1
7	370	1	1
7	371	1	1
7	372	1	1
7	373	1	1
7	374	0	1
7	375	0	1
7	376	0	0
7	377	0	0
7	378	1	0
7	379	1	0
7	380	1	0
7	381	1	1
7	382	1	0
7	383	0	1
7	384	1	1
7	385	1	1
7	386	0	1
7	387	1	1
7	388	1	1
7	389	1	1
7	390	1	1
7	391	1	1
7	392	1	1
7	393	0	1
7	394	1	1
7	395	0	1
7	396	1	0
7	397	1	1
7	398	0	1
7	399	1	0
7	400	1	1
7	401	0	1
7	402	0	0
7	403	0	0
7	404	0	0
7	405	0	0
7	406	1	0
7	407	1	0
7	408	0	1
7	409	0	0
7	410	1	0
7	411	0	1
7	412	0	0
7	413	0	0
7	414	1	1
7	415	0	1
7	416	1	0
7	417	0	1
7	418	0	0
7	419	0	0
7	420	1	0
7	421	1	1
7	422	0	1
7	423	0	1
7	424	0	0
7	425	0	0
7	426	1	0
7	427	1	0
7	428	0	1
7	429	0	0
7	430	0	1
7	431	0	1
7	432	1	0
7	433	0	0
7	434	0	0
7	435	0	0
7	436	0	0
7	437	0	0
7	438	0	0
7	439	0	0
7	440	0	0
7	441	0	0
7	442	1	0
7	443	0	0
7	444	1	0
7	445	0	0
7	446	0	0
7	447	1	0
7	448	0	0
7	449	1	0
7	450	0	0
7	451	0	0
7	452	0	0
7	453	0	0
7	454	0	0
7	455	0	0
7	456	0	0
7	457	0	0
7	458	1	0
7	459	1	0
7	460	0	0
7	461	0	0
7	462	1	0
7	463	0	1
7	464	0	0
7	465	1	0
7	466	0	0
7	467	0	0
7	468	0	0
7	469	0	0
7	470	1	1
7	471	0	0
7	472	0	0
7	473	0	0
7	474	0	0
7	475	0	0
7	476	0	0
7	477	0	0
7	478	0	0
7	479	0	0
7	480	0	0
7	481	0	0
7	482	0	0
7	483	0	0
7	484	0	0
7	485	0	0
7	486	0	0
7	487	0	0
7	488	0	0
7	489	0	0
7	490	1	0
7	491	0	0
7	492	0	0
7	493	0	0
7	494	0	0
7	495	0	0
7	496	0	0
7	497	0	0
7	498	0	0
7	499	0	1
7	500	0	0
7	501	0	0
7	502	1	0
7	503	0	0
7	504	0	0
7	505	1	0
7	506	0	1
7	507	0	0
7	508	0	0
7	509	1	1
7	510	0	1
7	511	0	0
7	512	1	0
7	513	0	1
7	514	0	0
7	515	0	0
7	516	0	0
7	517	0	0
7	518	0	0
7	519	0	0
7	520	1	0
7	521	1	0
7	522	0	1
7	523	1	0
7	524	1	0
7	525	1	0
7	526	1	1
7	527	1	0
7	528	1	1
7	529	1	1
7	530	1	1
7	531	1	1
7	532	1	0
7	533	0	1
7	534	1	0
7	535	1	1
7	536	1	1
7	537	1	0
7	538	0	1
7	539	0	1
7	540	1	1
7	541	1	1
7	542	1	1
7	543	1	1
7	544	1	1
7	545	1	1
7	546	1	1
7	547	1	1
7	548	1	1
7	549	1	1
7	550	1	1
7	551	1	1
7	552	0	1
7	553	0	1
7	554	0	0
7	555	0	0
7	556	0	0
7	557	0	0
7	558	0	0
7	559	0	0
7	560	0	0
7	561	0	1
7	562	0	0
7	563	0	0
7	564	0	0
7	565	0	0
7	566	0	0
7	567	1	0
7	568	0	0
7	569	0	0
7	570	0	0
7	571	0	0
7	572	0	0
7	573	0	0
7	574	0	0
7	575	0	0
7	576	1	0
7	577	0	1
7	578	1	0
7	579	0	1
7	580	1	0
7	581	0	1
7	582	0	0
7	583	1	0
7	584	0	1
7	585	1	1
7	586	1	0
7	587	1	1
7	588	0	1
7	589	0	1
7	590	1	1
7	591	1	1
7	592	1	1
7	593	1	1
7	594	1	1
7	595	1	1
7	596	1	1
7	597	0	1
7	598	1	1
7	599	1	1
7	600	1	1
7	601	1	1
7	602	1	1
7	603	0	1
7	604	1	0
7	605	1	0
7	606	0	1
7	607	1	1
7	608	1	0
7	609	1	1
7	610	1	1
7	611	1	1
7	612	1	1
7	613	0	1
7	614	1	1
7	615	0	1
7	616	1	1
7	617	1	0
7	618	1	1
7	619	1	1
7	620	1	1
7	621	0	1
7	622	0	1
7	623	0	1
7	624	0	0
7	625	0	1
7	626	0	0
7	627	0	0
7	628	0	0
7	629	0	0
7	630	1	0
7	631	0	0
7	632	0	0
7	633	0	0
7	634	0	0
7	635	1	0
7	636	0	0
7	637	0	0
7	638	0	0
7	639	1	0
7	640	0	0
7	641	0	1
7	642	0	0
7	643	0	0
7	644	0	0
7	645	1	0
7	646	0	0
7	647	0	0
7	648	1	0
7	649	0	1
7	650	0	0
7	651	1	0
7	652	0	1
7	653	1	0
7	654	1	0
7	655	0	1
7	656	1	1
7	657	0	1
7	658	0	0
7	659	0	1
7	660	0	1
7	661	1	0
7	662	1	1
7	663	0	1
7	664	1	0
7	665	1	0
7	666	0	1
7	667	1	0
7	668	1	1
7	669	1	1
7	670	1	1
7	671	1	1
7	672	1	0
7	673	0	1
7	674	1	1
7	675	1	1
7	676	1	1
7	677	1	1
7	678	1	1
7	679	1	1
7	680	1	1
7	681	1	1
7	682	1	1
7	683	1	1
7	684	0	1
7	685	1	1
7	686	0	0
7	687	1	1
7	688	1	1
7	689	1	1
7	690	0	1
7	691	0	1
7	692	1	0
7	693	0	1
7	694	0	0
7	695	0	1
7	696	1	0
7	697	1	1
7	698	0	1
7	699	0	1
7	700	0	0
7	701	0	1
7	702	1	0
7	703	0	0
7	704	1	0
7	705	1	1
7	706	0	0
7	707	0	0
7	708	0	0
7	709	0	0
7	710	0	0
7	711	0	0
7	712	0	0
7	713	0	0
7	714	1	0
7	715	0	1
7	716	0	0
7	717	1	0
7	718	0	0
7	719	0	0
7	720	0	0
7	721	1	1
7	722	1	0
7	723	0	0
7	724	1	0
7	725	1	0
7	726	0	0
7	727	0	0
7	728	0	0
7	729	0	0
7	730	1	0
7	731	1	0
7	732	1	0
7	733	1	0
7	734	0	1
7	735	1	1
7	736	1	1
7	737	1	1
7	738	1	0
7	739	0	1
7	740	1	0
7	741	1	1
7	742	1	1
7	743	1	1
7	744	1	1
7	745	1	1
7	746	1	1
7	747	1	1
7	748	1	1
7	749	1	1
7	750	1	1
7	751	0	1
7	752	1	1
7	753	1	1
7	754	1	1
7	755	0	1
7	756	1	1
7	757	0	1
7	758	1	1
7	759	1	1
7	760	1	1
7	761	1	1
7	762	0	1
7	763	1	1
7	764	0	1
7	765	1	1
7	766	1	1
7	767	0	0
7	768	0	1
7	769	0	1
7	770	1	0
7	771	0	0
7	772	0	0
7	773	0	0
7	774	0	0
7	775	0	0
7	776	1	1
7	777	0	1
7	778	0	0
7	779	0	1
7	780	0	0
7	781	0	0
7	782	0	0
7	783	0	0
7	784	0	0
7	785	0	0
7	786	0	0
7	787	0	0
7	788	1	0
7	789	0	0
7	790	0	1
7	791	0	0
7	792	0	0
7	793	0	0
7	794	0	0
7	795	0	0
7	796	0	0
7	797	0	0
7	798	0	0
7	799	1	0
7	800	0	0
8	1	1	1
8	2	1	1
8	3	1	0
8	4	1	0
8	5	1	1
8	6	1	1
8	7	1	1
8	8	1	0
8	9	1	0
8	10	1	1
8	11	0	0
8	12	1	1
8	13	1	1
8	14	1	1
8	15	1	1
8	16	1	1
8	17	1	1
8	18	1	0
8	19	1	1
8	20	0	1
8	21	1	0
8	22	1	1
8	23	1	1
8	24	1	1
8	25	0	1
8	26	1	1
8	27	1	1
8	28	1	1
8	29	1	1
8	30	1	1
8	31	0	1
8	32	1	1
8	33	0	1
8	34	1	1
8	35	1	1
8	36	1	1
8	37	1	1
8	38	1	1
8	39	1	1
8	40	1	1
8	41	1	1
8	42	1	1
8	43	1	1
8	44	1	1
8	45	1	0
8	46	0	1
8	47	0	1
8	48	1	1
8	49	0	1
8	50	0	1
8	51	0	1
8	52	1	1
8	53	0	1
8	54	0	0
8	55	0	1
8	56	1	1
8	57	1	0
8	58	0	1
8	59	1	1
8	60	1	1
8	61	1	1
8	62	1	1
8	63	1	1
8	64	1	1
8	65	1	1
8	66	1	1
8	67	1	1
8	68	1	1
8	69	1	1
8	70	0	1
8	71	1	1
8	72	1	1
8	73	1	1
8	74	0	1
8	75	1	1
8	76	1	1
8	77	1	1
8	78	1	1
8	79	0	1
8	80	0	0
8	81	1	1
8	82	1	1
8	83	1	1
8	84	1	1
8	85	1	0
8	86	0	1
8	87	0	1
8	88	1	1
8	89	1	1
8	90	0	1
8	91	1	1
8	92	1	0
8	93	1	1
8	94	1	1
8	95	1	1
8	96	1	1
8	97	1	1
8	98	1	1
8	99	1	1
8	100	1	1
8	101	0	1
8	102	0	1
8	103	0	1
8	104	1	1
8	105	1	1
8	106	1	1
8	107	1	1
8	108	1	1
8	109	1	1
8	110	0	1
8	111	0	1
8	112	1	1
8	113	1	1
8	114	1	0
8	115	1	1
8	116	0	1
8	117	1	1
8	118	1	1
8	119	1	1
8	120	1	1
8	121	0	1
8	122	0	1
8	123	0	1
8	124	0	1
8	125	0	0
8	126	0	0
8	127	0	1
8	128	0	1
8	129	0	1
8	130	0	1
8	131	0	1
8	132	0	1
8	133	1	1
8	134	0	0
8	135	0	1
8	136	1	0
8	137	0	1
8	138	0	0
8	139	0	1
8	140	0	1
8	141	0	0
8	142	0	0
8	143	0	0
8	144	1	1
8	145	0	0
8	146	0	0
8	147	0	0
8	148	0	0
8	149	0	0
8	150	0	1
8	151	1	0
8	152	0	1
8	153	1	0
8	154	0	1
8	155	1	0
8	156	0	1
8	157	0	0
8	158	1	0
8	159	0	0
8	160	1	0
8	161	1	0
8	162	0	0
8	163	1	0
8	164	1	0
8	165	1	0
8	166	1	1
8	167	1	1
8	168	1	1
8	169	1	1
8	170	1	1
8	171	1	0
8	172	1	0
8	173	1	1
8	174	1	0
8	175	1	1
8	176	1	1
8	177	0	1
8	178	1	1
8	179	0	1
8	180	1	0
8	181	1	1
8	182	1	1
8	183	1	1
8	184	0	1
8	185	0	1
8	186	1	1
8	187	1	1
8	188	1	1
8	189	1	1
8	190	1	1
8	191	0	1
8	192	1	1
8	193	0	1
8	194	0	1
8	195	0	0
8	196	0	1
8	197	0	1
8	198	0	0
8	199	0	0
8	200	0	0
8	201	0	1
8	202	1	1
8	203	1	1
8	204	0	1
8	205	0	1
8	206	0	0
8	207	0	1
8	208	0	0
8	209	0	1
8	210	0	0
8	211	1	0
8	212	0	1
8	213	0	1
8	214	0	1
8	215	0	1
8	216	1	0
8	217	0	0
8	218	0	0
8	219	0	0
8	220	1	0
8	221	0	0
8	222	1	0
8	223	0	1
8	224	1	0
8	225	1	1
8	226	1	0
8	227	0	1
8	228	0	0
8	229	1	0
8	230	1	0
8	231	1	1
8	232	1	0
8	233	1	1
8	234	1	0
8	235	1	1
8	236	1	0
8	237	0	1
8	238	1	1
8	239	1	1
8	240	1	0
8	241	1	0
8	242	1	1
8	243	1	1
8	244	1	0
8	245	1	1
8	246	1	1
8	247	1	1
8	248	1	1
8	249	1	1
8	250	0	1
8	251	1	1
8	252	0	0
8	253	1	1
8	254	1	1
8	255	1	1
8	256	1	1
8	257	1	1
8	258	1	1
8	259	1	1
8	260	1	0
8	261	0	1
8	262	0	1
8	263	0	1
8	264	1	0
8	265	0	1
8	266	1	1
8	267	0	0
8	268	0	1
8	269	0	1
8	270	0	0
8	271	0	1
8	272	0	1
8	273	0	0
8	274	1	1
8	275	0	0
8	276	1	0
8	277	0	1
8	278	0	0
8	279	0	1
8	280	0	1
8	281	1	0
8	282	1	1
8	283	1	1
8	284	0	1
8	285	0	1
8	286	0	0
8	287	0	1
8	288	0	1
8	289	0	1
8	290	0	0
8	291	1	0
8	292	1	1
8	293	1	0
8	294	0	0
8	295	1	0
8	296	1	1
8	297	1	0
8	298	1	0
8	299	1	1
8	300	0	1
8	301	1	1
8	302	1	1
8	303	1	1
8	304	1	1
8	305	1	0
8	306	0	0
8	307	1	1
8	308	1	1
8	309	1	1
8	310	1	1
8	311	1	1
8	312	0	1
8	313	1	1
8	314	1	1
8	315	1	1
8	316	1	1
8	317	1	0
8	318	1	1
8	319	0	0
8	320	1	1
8	321	1	1
8	322	1	1
8	323	1	0
8	324	1	1
8	325	1	1
8	326	0	1
8	327	1	0
8	328	1	1
8	329	1	0
8	330	1	1
8	331	0	1
8	332	0	1
8	333	0	1
8	334	0	1
8	335	0	1
8	336	1	1
8	337	0	1
8	338	1	1
8	339	0	0
8	340	0	1
8	341	0	1
8	342	1	0
8	343	0	1
8	344	0	1
8	345	1	0
8	346	0	1
8	347	1	0
8	348	1	1
8	349	0	1
8	350	0	0
8	351	0	1
8	352	0	0
8	353	1	0
8	354	0	1
8	355	1	0
8	356	0	1
8	357	0	1
8	358	0	1
8	359	0	1
8	360	0	1
8	361	1	0
8	362	1	1
8	363	1	0
8	364	1	1
8	365	0	0
8	366	1	1
8	367	1	1
8	368	1	0
8	369	1	1
8	370	1	0
8	371	1	0
8	372	1	1
8	373	1	1
8	374	0	1
8	375	0	1
8	376	0	0
8	377	0	1
8	378	1	1
8	379	1	1
8	380	1	1
8	381	1	1
8	382	1	1
8	383	0	1
8	384	1	1
8	385	1	0
8	386	0	1
8	387	1	1
8	388	1	1
8	389	1	0
8	390	1	1
8	391	1	1
8	392	1	1
8	393	0	1
8	394	1	1
8	395	0	1
8	396	1	1
8	397	1	0
8	398	0	1
8	399	1	1
8	400	1	1
8	401	0	1
8	402	0	0
8	403	0	1
8	404	0	1
8	405	0	1
8	406	1	0
8	407	1	0
8	408	0	0
8	409	0	0
8	410	1	1
8	411	0	1
8	412	0	1
8	413	0	0
8	414	1	1
8	415	0	1
8	416	1	1
8	417	0	0
8	418	0	0
8	419	0	1
8	420	1	1
8	421	1	1
8	422	0	1
8	423	0	0
8	424	0	1
8	425	0	0
8	426	1	1
8	427	1	1
8	428	0	0
8	429	0	0
8	430	0	1
8	431	0	1
8	432	1	0
8	433	0	1
8	434	0	1
8	435	0	1
8	436	0	1
8	437	0	0
8	438	0	0
8	439	0	0
8	440	0	0
8	441	0	0
8	442	1	0
8	443	0	0
8	444	1	1
8	445	0	0
8	446	0	1
8	447	1	0
8	448	0	1
8	449	1	0
8	450	0	0
8	451	0	0
8	452	0	0
8	453	0	0
8	454	0	0
8	455	0	0
8	456	0	0
8	457	0	0
8	458	1	0
8	459	1	0
8	460	0	0
8	461	0	0
8	462	1	1
8	463	0	0
8	464	0	0
8	465	1	0
8	466	0	0
8	467	0	1
8	468	0	0
8	469	0	0
8	470	1	0
8	471	0	0
8	472	0	0
8	473	0	0
8	474	0	0
8	475	0	0
8	476	0	0
8	477	0	0
8	478	0	0
8	479	0	1
8	480	0	1
8	481	0	0
8	482	0	0
8	483	0	0
8	484	0	0
8	485	0	0
8	486	0	0
8	487	0	0
8	488	0	0
8	489	0	0
8	490	1	0
8	491	0	0
8	492	0	0
8	493	0	1
8	494	0	0
8	495	0	1
8	496	0	0
8	497	0	0
8	498	0	0
8	499	0	0
8	500	0	0
8	501	0	0
8	502	1	1
8	503	0	0
8	504	0	0
8	505	1	0
8	506	0	0
8	507	0	0
8	508	0	0
8	509	1	0
8	510	0	0
8	511	0	0
8	512	1	0
8	513	0	0
8	514	0	0
8	515	0	0
8	516	0	0
8	517	0	0
8	518	0	0
8	519	0	0
8	520	1	0
8	521	1	0
8	522	0	0
8	523	1	0
8	524	1	0
8	525	1	0
8	526	1	0
8	527	1	0
8	528	1	0
8	529	1	0
8	530	1	0
8	531	1	0
8	532	1	0
8	533	0	0
8	534	1	0
8	535	1	0
8	536	1	1
8	537	1	0
8	538	0	0
8	539	0	0
8	540	1	0
8	541	1	0
8	542	1	1
8	543	1	0
8	544	1	1
8	545	1	0
8	546	1	1
8	547	1	0
8	548	1	0
8	549	1	1
8	550	1	1
8	551	1	1
8	552	0	0
8	553	0	0
8	554	0	1
8	555	0	0
8	556	0	0
8	557	0	1
8	558	0	0
8	559	0	1
8	560	0	1
8	561	0	0
8	562	0	0
8	563	0	1
8	564	0	0
8	565	0	1
8	566	0	0
8	567	1	1
8	568	0	0
8	569	0	0
8	570	0	0
8	571	0	0
8	572	0	0
8	573	0	0
8	574	0	0
8	575	0	0
8	576	1	0
8	577	0	0
8	578	1	1
8	579	0	0
8	580	1	0
8	581	0	0
8	582	0	0
8	583	1	0
8	584	0	0
8	585	1	0
8	586	1	0
8	587	1	1
8	588	0	0
8	589	0	0
8	590	1	0
8	591	1	0
8	592	1	0
8	593	1	0
8	594	1	0
8	595	1	1
8	596	1	0
8	597	0	0
8	598	1	0
8	599	1	0
8	600	1	0
8	601	1	1
8	602	1	0
8	603	0	1
8	604	1	0
8	605	1	0
8	606	0	1
8	607	1	0
8	608	1	0
8	609	1	1
8	610	1	1
8	611	1	1
8	612	1	0
8	613	0	1
8	614	1	1
8	615	0	1
8	616	1	0
8	617	1	1
8	618	1	0
8	619	1	1
8	620	1	1
8	621	0	1
8	622	0	1
8	623	0	1
8	624	0	1
8	625	0	1
8	626	0	1
8	627	0	0
8	628	0	1
8	629	0	0
8	630	1	0
8	631	0	1
8	632	0	0
8	633	0	0
8	634	0	0
8	635	1	0
8	636	0	1
8	637	0	1
8	638	0	0
8	639	1	0
8	640	0	1
8	641	0	0
8	642	0	1
8	643	0	0
8	644	0	1
8	645	1	0
8	646	0	1
8	647	0	0
8	648	1	0
8	649	0	0
8	650	0	1
8	651	1	0
8	652	0	1
8	653	1	0
8	654	1	0
8	655	0	0
8	656	1	0
8	657	0	0
8	658	0	0
8	659	0	0
8	660	0	1
8	661	1	0
8	662	1	0
8	663	0	0
8	664	1	0
8	665	1	1
8	666	0	1
8	667	1	0
8	668	1	0
8	669	1	0
8	670	1	1
8	671	1	1
8	672	1	0
8	673	0	0
8	674	1	0
8	675	1	1
8	676	1	1
8	677	1	0
8	678	1	1
8	679	1	1
8	680	1	1
8	681	1	1
8	682	1	1
8	683	1	0
8	684	0	1
8	685	1	1
8	686	0	1
8	687	1	1
8	688	1	1
8	689	1	1
8	690	0	0
8	691	0	1
8	692	1	0
8	693	0	1
8	694	0	1
8	695	0	1
8	696	1	1
8	697	1	0
8	698	0	1
8	699	0	0
8	700	0	1
8	701	0	0
8	702	1	1
8	703	0	0
8	704	1	1
8	705	1	0
8	706	0	0
8	707	0	1
8	708	0	1
8	709	0	0
8	710	0	0
8	711	0	0
8	712	0	1
8	713	0	1
8	714	1	0
8	715	0	0
8	716	0	0
8	717	1	0
8	718	0	1
8	719	0	1
8	720	0	1
8	721	1	0
8	722	1	0
8	723	0	1
8	724	1	1
8	725	1	0
8	726	0	0
8	727	0	0
8	728	0	0
8	729	0	1
8	730	1	1
8	731	1	1
8	732	1	0
8	733	1	1
8	734	0	1
8	735	1	0
8	736	1	0
8	737	1	0
8	738	1	1
8	739	0	0
8	740	1	1
8	741	1	0
8	742	1	0
8	743	1	1
8	744	1	1
8	745	1	1
8	746	1	0
8	747	1	1
8	748	1	1
8	749	1	1
8	750	1	0
8	751	0	1
8	752	1	0
8	753	1	1
8	754	1	1
8	755	0	1
8	756	1	1
8	757	0	1
8	758	1	1
8	759	1	0
8	760	1	1
8	761	1	0
8	762	0	1
8	763	1	1
8	764	0	0
8	765	1	1
8	766	1	1
8	767	0	1
8	768	0	1
8	769	0	1
8	770	1	1
8	771	0	1
8	772	0	1
8	773	0	1
8	774	0	1
8	775	0	1
8	776	1	0
8	777	0	1
8	778	0	1
8	779	0	1
8	780	0	0
8	781	0	0
8	782	0	1
8	783	0	1
8	784	0	1
8	785	0	0
8	786	0	0
8	787	0	0
8	788	1	0
8	789	0	0
8	790	0	1
8	791	0	0
8	792	0	0
8	793	0	0
8	794	0	0
8	795	0	0
8	796	0	0
8	797	0	0
8	798	0	0
8	799	1	0
8	800	0	0
9	1	1	0
9	2	1	1
9	3	1	0
9	4	1	0
9	5	1	1
9	6	1	1
9	7	1	1
9	8	1	1
9	9	1	1
9	10	1	1
9	11	0	1
9	12	1	1
9	13	1	0
9	14	1	1
9	15	1	1
9	16	1	1
9	17	1	1
9	18	1	1
9	19	1	1
9	20	0	1
9	21	1	1
9	22	1	1
9	23	1	1
9	24	1	1
9	25	0	0
9	26	1	1
9	27	1	1
9	28	1	0
9	29	1	1
9	30	1	1
9	31	0	1
9	32	1	1
9	33	0	1
9	34	1	1
9	35	1	1
9	36	1	1
9	37	1	1
9	38	1	1
9	39	1	1
9	40	1	1
9	41	1	1
9	42	1	1
9	43	1	1
9	44	1	0
9	45	1	1
9	46	0	1
9	47	0	1
9	48	1	1
9	49	0	1
9	50	0	1
9	51	0	1
9	52	1	1
9	53	0	1
9	54	0	1
9	55	0	1
9	56	1	1
9	57	1	1
9	58	0	1
9	59	1	0
9	60	1	1
9	61	1	0
9	62	1	1
9	63	1	1
9	64	1	1
9	65	1	1
9	66	1	1
9	67	1	0
9	68	1	1
9	69	1	1
9	70	0	1
9	71	1	1
9	72	1	1
9	73	1	1
9	74	0	1
9	75	1	1
9	76	1	1
9	77	1	1
9	78	1	1
9	79	0	1
9	80	0	1
9	81	1	0
9	82	1	1
9	83	1	1
9	84	1	1
9	85	1	1
9	86	0	1
9	87	0	1
9	88	1	1
9	89	1	1
9	90	0	1
9	91	1	0
9	92	1	1
9	93	1	1
9	94	1	1
9	95	1	1
9	96	1	1
9	97	1	1
9	98	1	1
9	99	1	0
9	100	1	1
9	101	0	1
9	102	0	0
9	103	0	1
9	104	1	1
9	105	1	1
9	106	1	1
9	107	1	1
9	108	1	1
9	109	1	1
9	110	0	1
9	111	0	1
9	112	1	1
9	113	1	1
9	114	1	1
9	115	1	1
9	116	0	1
9	117	1	1
9	118	1	1
9	119	1	1
9	120	1	1
9	121	0	1
9	122	0	1
9	123	0	1
9	124	0	0
9	125	0	1
9	126	0	1
9	127	0	1
9	128	0	1
9	129	0	1
9	130	0	1
9	131	0	1
9	132	0	1
9	133	1	1
9	134	0	0
9	135	0	0
9	136	1	1
9	137	0	1
9	138	0	0
9	139	0	0
9	140	0	1
9	141	0	1
9	142	0	0
9	143	0	1
9	144	1	0
9	145	0	1
9	146	0	1
9	147	0	1
9	148	0	0
9	149	0	0
9	150	0	0
9	151	1	0
9	152	0	0
9	153	1	0
9	154	0	1
9	155	1	0
9	156	0	0
9	157	0	0
9	158	1	0
9	159	0	1
9	160	1	0
9	161	1	0
9	162	0	0
9	163	1	0
9	164	1	1
9	165	1	0
9	166	1	1
9	167	1	1
9	168	1	1
9	169	1	0
9	170	1	1
9	171	1	0
9	172	1	1
9	173	1	1
9	174	1	1
9	175	1	0
9	176	1	1
9	177	0	1
9	178	1	1
9	179	0	0
9	180	1	1
9	181	1	1
9	182	1	0
9	183	1	1
9	184	0	1
9	185	0	1
9	186	1	1
9	187	1	0
9	188	1	1
9	189	1	1
9	190	1	0
9	191	0	1
9	192	1	1
9	193	0	1
9	194	0	1
9	195	0	1
9	196	0	1
9	197	0	1
9	198	0	1
9	199	0	1
9	200	0	1
9	201	0	0
9	202	1	0
9	203	1	1
9	204	0	1
9	205	0	0
9	206	0	1
9	207	0	0
9	208	0	0
9	209	0	0
9	210	0	1
9	211	1	1
9	212	0	1
9	213	0	0
9	214	0	0
9	215	0	0
9	216	1	1
9	217	0	0
9	218	0	0
9	219	0	0
9	220	1	0
9	221	0	0
9	222	1	0
9	223	0	1
9	224	1	0
9	225	1	0
9	226	1	0
9	227	0	0
9	228	0	1
9	229	1	0
9	230	1	1
9	231	1	0
9	232	1	0
9	233	1	1
9	234	1	0
9	235	1	0
9	236	1	1
9	237	0	1
9	238	1	1
9	239	1	1
9	240	1	1
9	241	1	1
9	242	1	1
9	243	1	1
9	244	1	1
9	245	1	0
9	246	1	1
9	247	1	1
9	248	1	1
9	249	1	0
9	250	0	1
9	251	1	1
9	252	0	1
9	253	1	1
9	254	1	1
9	255	1	1
9	256	1	1
9	257	1	1
9	258	1	1
9	259	1	1
9	260	1	1
9	261	0	0
9	262	0	1
9	263	0	1
9	264	1	1
9	265	0	1
9	266	1	1
9	267	0	1
9	268	0	1
9	269	0	0
9	270	0	1
9	271	0	1
9	272	0	1
9	273	0	0
9	274	1	0
9	275	0	1
9	276	1	1
9	277	0	1
9	278	0	1
9	279	0	1
9	280	0	0
9	281	1	1
9	282	1	1
9	283	1	1
9	284	0	0
9	285	0	0
9	286	0	1
9	287	0	1
9	288	0	0
9	289	0	0
9	290	0	1
9	291	1	1
9	292	1	1
9	293	1	1
9	294	0	0
9	295	1	1
9	296	1	1
9	297	1	0
9	298	1	1
9	299	1	1
9	300	0	1
9	301	1	0
9	302	1	0
9	303	1	0
9	304	1	1
9	305	1	0
9	306	0	0
9	307	1	1
9	308	1	1
9	309	1	1
9	310	1	0
9	311	1	1
9	312	0	0
9	313	1	1
9	314	1	1
9	315	1	1
9	316	1	1
9	317	1	0
9	318	1	0
9	319	0	1
9	320	1	1
9	321	1	0
9	322	1	1
9	323	1	1
9	324	1	1
9	325	1	1
9	326	0	1
9	327	1	1
9	328	1	1
9	329	1	1
9	330	1	1
9	331	0	0
9	332	0	1
9	333	0	1
9	334	0	1
9	335	0	1
9	336	1	1
9	337	0	1
9	338	1	1
9	339	0	1
9	340	0	1
9	341	0	0
9	342	1	1
9	343	0	1
9	344	0	1
9	345	1	0
9	346	0	1
9	347	1	1
9	348	1	1
9	349	0	1
9	350	0	1
9	351	0	0
9	352	0	0
9	353	1	1
9	354	0	1
9	355	1	1
9	356	0	0
9	357	0	1
9	358	0	1
9	359	0	1
9	360	0	1
9	361	1	1
9	362	1	1
9	363	1	0
9	364	1	1
9	365	0	0
9	366	1	0
9	367	1	1
9	368	1	0
9	369	1	0
9	370	1	1
9	371	1	1
9	372	1	1
9	373	1	0
9	374	0	0
9	375	0	0
9	376	0	0
9	377	0	0
9	378	1	1
9	379	1	1
9	380	1	1
9	381	1	1
9	382	1	1
9	383	0	1
9	384	1	0
9	385	1	1
9	386	0	1
9	387	1	1
9	388	1	1
9	389	1	1
9	390	1	1
9	391	1	1
9	392	1	1
9	393	0	1
9	394	1	1
9	395	0	1
9	396	1	0
9	397	1	1
9	398	0	1
9	399	1	1
9	400	1	1
9	401	0	1
9	402	0	1
9	403	0	1
9	404	0	0
9	405	0	1
9	406	1	1
9	407	1	1
9	408	0	1
9	409	0	1
9	410	1	0
9	411	0	1
9	412	0	1
9	413	0	0
9	414	1	0
9	415	0	1
9	416	1	0
9	417	0	1
9	418	0	1
9	419	0	1
9	420	1	0
9	421	1	1
9	422	0	0
9	423	0	1
9	424	0	1
9	425	0	1
9	426	1	1
9	427	1	0
9	428	0	0
9	429	0	0
9	430	0	0
9	431	0	1
9	432	1	0
9	433	0	1
9	434	0	1
9	435	0	0
9	436	0	0
9	437	0	1
9	438	0	0
9	439	0	0
9	440	0	0
9	441	0	1
9	442	1	0
9	443	0	0
9	444	1	1
9	445	0	0
9	446	0	0
9	447	1	0
9	448	0	0
9	449	1	0
9	450	0	0
9	451	0	0
9	452	0	0
9	453	0	0
9	454	0	0
9	455	0	0
9	456	0	0
9	457	0	0
9	458	1	0
9	459	1	1
9	460	0	0
9	461	0	0
9	462	1	0
9	463	0	1
9	464	0	1
9	465	1	0
9	466	0	0
9	467	0	0
9	468	0	0
9	469	0	0
9	470	1	1
9	471	0	0
9	472	0	0
9	473	0	0
9	474	0	0
9	475	0	0
9	476	0	0
9	477	0	0
9	478	0	0
9	479	0	0
9	480	0	0
9	481	0	1
9	482	0	0
9	483	0	0
9	484	0	0
9	485	0	0
9	486	0	0
9	487	0	0
9	488	0	0
9	489	0	0
9	490	1	0
9	491	0	0
9	492	0	0
9	493	0	0
9	494	0	0
9	495	0	0
9	496	0	0
9	497	0	0
9	498	0	0
9	499	0	0
9	500	0	0
9	501	0	0
9	502	1	0
9	503	0	0
9	504	0	0
9	505	1	0
9	506	0	0
9	507	0	0
9	508	0	0
9	509	1	0
9	510	0	1
9	511	0	0
9	512	1	0
9	513	0	0
9	514	0	0
9	515	0	0
9	516	0	0
9	517	0	0
9	518	0	0
9	519	0	0
9	520	1	0
9	521	1	0
9	522	0	0
9	523	1	0
9	524	1	0
9	525	1	0
9	526	1	0
9	527	1	0
9	528	1	0
9	529	1	0
9	530	1	0
9	531	1	0
9	532	1	0
9	533	0	0
9	534	1	0
9	535	1	0
9	536	1	0
9	537	1	0
9	538	0	0
9	539	0	0
9	540	1	0
9	541	1	0
9	542	1	0
9	543	1	0
9	544	1	0
9	545	1	1
9	546	1	0
9	547	1	0
9	548	1	0
9	549	1	1
9	550	1	1
9	551	1	1
9	552	0	1
9	553	0	1
9	554	0	1
9	555	0	1
9	556	0	1
9	557	0	1
9	558	0	1
9	559	0	1
9	560	0	0
9	561	0	0
9	562	0	0
9	563	0	1
9	564	0	1
9	565	0	0
9	566	0	0
9	567	1	0
9	568	0	1
9	569	0	0
9	570	0	0
9	571	0	0
9	572	0	0
9	573	0	0
9	574	0	1
9	575	0	0
9	576	1	0
9	577	0	0
9	578	1	0
9	579	0	0
9	580	1	1
9	581	0	0
9	582	0	0
9	583	1	0
9	584	0	0
9	585	1	1
9	586	1	0
9	587	1	1
9	588	0	0
9	589	0	0
9	590	1	0
9	591	1	1
9	592	1	0
9	593	1	0
9	594	1	0
9	595	1	1
9	596	1	1
9	597	0	1
9	598	1	0
9	599	1	1
9	600	1	1
9	601	1	0
9	602	1	1
9	603	0	1
9	604	1	1
9	605	1	1
9	606	0	1
9	607	1	0
9	608	1	0
9	609	1	0
9	610	1	0
9	611	1	1
9	612	1	1
9	613	0	1
9	614	1	1
9	615	0	1
9	616	1	0
9	617	1	1
9	618	1	1
9	619	1	0
9	620	1	0
9	621	0	0
9	622	0	0
9	623	0	1
9	624	0	0
9	625	0	0
9	626	0	1
9	627	0	0
9	628	0	1
9	629	0	0
9	630	1	1
9	631	0	0
9	632	0	1
9	633	0	0
9	634	0	1
9	635	1	0
9	636	0	1
9	637	0	0
9	638	0	0
9	639	1	1
9	640	0	0
9	641	0	0
9	642	0	0
9	643	0	0
9	644	0	1
9	645	1	0
9	646	0	0
9	647	0	0
9	648	1	0
9	649	0	0
9	650	0	0
9	651	1	0
9	652	0	0
9	653	1	0
9	654	1	1
9	655	0	0
9	656	1	0
9	657	0	0
9	658	0	0
9	659	0	0
9	660	0	0
9	661	1	0
9	662	1	0
9	663	0	0
9	664	1	0
9	665	1	1
9	666	0	1
9	667	1	1
9	668	1	0
9	669	1	1
9	670	1	0
9	671	1	0
9	672	1	1
9	673	0	1
9	674	1	1
9	675	1	1
9	676	1	0
9	677	1	1
9	678	1	1
9	679	1	1
9	680	1	0
9	681	1	1
9	682	1	1
9	683	1	1
9	684	0	1
9	685	1	1
9	686	0	1
9	687	1	1
9	688	1	1
9	689	1	1
9	690	0	0
9	691	0	1
9	692	1	1
9	693	0	1
9	694	0	0
9	695	0	1
9	696	1	1
9	697	1	1
9	698	0	1
9	699	0	1
9	700	0	0
9	701	0	1
9	702	1	0
9	703	0	1
9	704	1	0
9	705	1	1
9	706	0	1
9	707	0	0
9	708	0	0
9	709	0	0
9	710	0	1
9	711	0	1
9	712	0	0
9	713	0	0
9	714	1	0
9	715	0	1
9	716	0	0
9	717	1	0
9	718	0	0
9	719	0	0
9	720	0	0
9	721	1	0
9	722	1	0
9	723	0	0
9	724	1	1
9	725	1	1
9	726	0	0
9	727	0	1
9	728	0	0
9	729	0	0
9	730	1	1
9	731	1	1
9	732	1	1
9	733	1	0
9	734	0	1
9	735	1	0
9	736	1	0
9	737	1	1
9	738	1	1
9	739	0	1
9	740	1	1
9	741	1	1
9	742	1	1
9	743	1	1
9	744	1	1
9	745	1	1
9	746	1	1
9	747	1	1
9	748	1	1
9	749	1	1
9	750	1	0
9	751	0	1
9	752	1	0
9	753	1	1
9	754	1	1
9	755	0	0
9	756	1	1
9	757	0	0
9	758	1	1
9	759	1	1
9	760	1	1
9	761	1	1
9	762	0	1
9	763	1	1
9	764	0	1
9	765	1	0
9	766	1	1
9	767	0	1
9	768	0	1
9	769	0	1
9	770	1	1
9	771	0	1
9	772	0	0
9	773	0	0
9	774	0	0
9	775	0	1
9	776	1	1
9	777	0	0
9	778	0	1
9	779	0	0
9	780	0	0
9	781	0	0
9	782	0	0
9	783	0	0
9	784	0	1
9	785	0	1
9	786	0	0
9	787	0	0
9	788	1	1
9	789	0	1
9	790	0	1
9	791	0	0
9	792	0	1
9	793	0	0
9	794	0	0
9	795	0	1
9	796	0	0
9	797	0	0
9	798	0	0
9	799	1	0
9	800	0	0
10	1	1	1
10	2	1	1
10	3	1	0
10	4	1	0
10	5	1	1
10	6	1	1
10	7	1	1
10	8	1	0
10	9	1	1
10	10	1	0
10	11	0	0
10	12	1	1
10	13	1	0
10	14	1	0
10	15	1	1
10	16	1	1
10	17	1	1
10	18	1	1
10	19	1	1
10	20	0	1
10	21	1	1
10	22	1	1
10	23	1	1
10	24	1	1
10	25	0	1
10	26	1	0
10	27	1	1
10	28	1	1
10	29	1	0
10	30	1	1
10	31	0	1
10	32	1	1
10	33	0	1
10	34	1	0
10	35	1	1
10	36	1	1
10	37	1	1
10	38	1	1
10	39	1	1
10	40	1	1
10	41	1	1
10	42	1	1
10	43	1	1
10	44	1	1
10	45	1	1
10	46	0	1
10	47	0	1
10	48	1	1
10	49	0	1
10	50	0	1
10	51	0	1
10	52	1	1
10	53	0	1
10	54	0	1
10	55	0	1
10	56	1	1
10	57	1	0
10	58	0	0
10	59	1	1
10	60	1	1
10	61	1	1
10	62	1	1
10	63	1	0
10	64	1	1
10	65	1	1
10	66	1	1
10	67	1	1
10	68	1	1
10	69	1	1
10	70	0	1
10	71	1	1
10	72	1	1
10	73	1	1
10	74	0	1
10	75	1	1
10	76	1	1
10	77	1	1
10	78	1	1
10	79	0	1
10	80	0	1
10	81	1	0
10	82	1	1
10	83	1	1
10	84	1	1
10	85	1	1
10	86	0	1
10	87	0	1
10	88	1	1
10	89	1	1
10	90	0	1
10	91	1	1
10	92	1	1
10	93	1	1
10	94	1	1
10	95	1	1
10	96	1	1
10	97	1	1
10	98	1	1
10	99	1	1
10	100	1	1
10	101	0	1
10	102	0	1
10	103	0	1
10	104	1	1
10	105	1	1
10	106	1	1
10	107	1	1
10	108	1	1
10	109	1	1
10	110	0	1
10	111	0	1
10	112	1	1
10	113	1	1
10	114	1	1
10	115	1	1
10	116	0	1
10	117	1	1
10	118	1	1
10	119	1	1
10	120	1	1
10	121	0	1
10	122	0	1
10	123	0	1
10	124	0	1
10	125	0	1
10	126	0	0
10	127	0	0
10	128	0	1
10	129	0	0
10	130	0	0
10	131	0	1
10	132	0	1
10	133	1	1
10	134	0	1
10	135	0	0
10	136	1	1
10	137	0	1
10	138	0	0
10	139	0	0
10	140	0	0
10	141	0	0
10	142	0	1
10	143	0	1
10	144	1	0
10	145	0	1
10	146	0	0
10	147	0	0
10	148	0	1
10	149	0	0
10	150	0	0
10	151	1	0
10	152	0	1
10	153	1	0
10	154	0	1
10	155	1	1
10	156	0	1
10	157	0	0
10	158	1	0
10	159	0	0
10	160	1	0
10	161	1	0
10	162	0	0
10	163	1	1
10	164	1	0
10	165	1	0
10	166	1	1
10	167	1	1
10	168	1	1
10	169	1	1
10	170	1	1
10	171	1	1
10	172	1	1
10	173	1	1
10	174	1	1
10	175	1	1
10	176	1	1
10	177	0	1
10	178	1	1
10	179	0	1
10	180	1	1
10	181	1	1
10	182	1	1
10	183	1	1
10	184	0	1
10	185	0	1
10	186	1	1
10	187	1	1
10	188	1	1
10	189	1	1
10	190	1	1
10	191	0	1
10	192	1	1
10	193	0	1
10	194	0	1
10	195	0	1
10	196	0	1
10	197	0	1
10	198	0	1
10	199	0	0
10	200	0	1
10	201	0	1
10	202	1	1
10	203	1	0
10	204	0	1
10	205	0	1
10	206	0	0
10	207	0	1
10	208	0	0
10	209	0	1
10	210	0	0
10	211	1	0
10	212	0	1
10	213	0	0
10	214	0	1
10	215	0	1
10	216	1	0
10	217	0	0
10	218	0	0
10	219	0	0
10	220	1	1
10	221	0	0
10	222	1	0
10	223	0	1
10	224	1	0
10	225	1	0
10	226	1	0
10	227	0	0
10	228	0	0
10	229	1	0
10	230	1	0
10	231	1	1
10	232	1	0
10	233	1	0
10	234	1	1
10	235	1	1
10	236	1	1
10	237	0	0
10	238	1	1
10	239	1	1
10	240	1	0
10	241	1	1
10	242	1	1
10	243	1	0
10	244	1	0
10	245	1	1
10	246	1	0
10	247	1	1
10	248	1	1
10	249	1	1
10	250	0	1
10	251	1	1
10	252	0	0
10	253	1	1
10	254	1	1
10	255	1	1
10	256	1	0
10	257	1	1
10	258	1	1
10	259	1	1
10	260	1	1
10	261	0	1
10	262	0	1
10	263	0	1
10	264	1	1
10	265	0	0
10	266	1	0
10	267	0	1
10	268	0	1
10	269	0	1
10	270	0	1
10	271	0	0
10	272	0	1
10	273	0	1
10	274	1	1
10	275	0	1
10	276	1	1
10	277	0	1
10	278	0	1
10	279	0	1
10	280	0	0
10	281	1	1
10	282	1	1
10	283	1	0
10	284	0	1
10	285	0	0
10	286	0	1
10	287	0	0
10	288	0	0
10	289	0	0
10	290	0	0
10	291	1	0
10	292	1	1
10	293	1	0
10	294	0	1
10	295	1	0
10	296	1	1
10	297	1	0
10	298	1	1
10	299	1	0
10	300	0	1
10	301	1	1
10	302	1	0
10	303	1	1
10	304	1	0
10	305	1	1
10	306	0	1
10	307	1	1
10	308	1	1
10	309	1	0
10	310	1	1
10	311	1	1
10	312	0	1
10	313	1	1
10	314	1	1
10	315	1	1
10	316	1	1
10	317	1	1
10	318	1	1
10	319	0	1
10	320	1	1
10	321	1	1
10	322	1	1
10	323	1	1
10	324	1	1
10	325	1	1
10	326	0	1
10	327	1	1
10	328	1	1
10	329	1	1
10	330	1	1
10	331	0	1
10	332	0	1
10	333	0	0
10	334	0	0
10	335	0	1
10	336	1	1
10	337	0	1
10	338	1	0
10	339	0	1
10	340	0	1
10	341	0	0
10	342	1	1
10	343	0	1
10	344	0	1
10	345	1	1
10	346	0	1
10	347	1	1
10	348	1	1
10	349	0	1
10	350	0	1
10	351	0	0
10	352	0	0
10	353	1	0
10	354	0	1
10	355	1	0
10	356	0	1
10	357	0	1
10	358	0	1
10	359	0	0
10	360	0	0
10	361	1	0
10	362	1	1
10	363	1	0
10	364	1	1
10	365	0	0
10	366	1	1
10	367	1	0
10	368	1	0
10	369	1	1
10	370	1	1
10	371	1	1
10	372	1	1
10	373	1	0
10	374	0	1
10	375	0	1
10	376	0	1
10	377	0	0
10	378	1	0
10	379	1	0
10	380	1	1
10	381	1	1
10	382	1	0
10	383	0	1
10	384	1	1
10	385	1	1
10	386	0	1
10	387	1	1
10	388	1	1
10	389	1	1
10	390	1	1
10	391	1	1
10	392	1	1
10	393	0	1
10	394	1	1
10	395	0	0
10	396	1	1
10	397	1	1
10	398	0	1
10	399	1	1
10	400	1	1
10	401	0	1
10	402	0	1
10	403	0	1
10	404	0	1
10	405	0	1
10	406	1	0
10	407	1	1
10	408	0	1
10	409	0	1
10	410	1	1
10	411	0	0
10	412	0	0
10	413	0	1
10	414	1	1
10	415	0	1
10	416	1	0
10	417	0	0
10	418	0	0
10	419	0	1
10	420	1	0
10	421	1	1
10	422	0	1
10	423	0	0
10	424	0	1
10	425	0	1
10	426	1	1
10	427	1	0
10	428	0	1
10	429	0	0
10	430	0	1
10	431	0	0
10	432	1	0
10	433	0	0
10	434	0	1
10	435	0	0
10	436	0	1
10	437	0	0
10	438	0	1
10	439	0	0
10	440	0	1
10	441	0	0
10	442	1	0
10	443	0	0
10	444	1	1
10	445	0	0
10	446	0	0
10	447	1	0
10	448	0	0
10	449	1	0
10	450	0	0
10	451	0	0
10	452	0	0
10	453	0	0
10	454	0	0
10	455	0	1
10	456	0	0
10	457	0	0
10	458	1	0
10	459	1	0
10	460	0	0
10	461	0	0
10	462	1	0
10	463	0	0
10	464	0	0
10	465	1	0
10	466	0	0
10	467	0	0
10	468	0	0
10	469	0	0
10	470	1	0
10	471	0	1
10	472	0	0
10	473	0	0
10	474	0	0
10	475	0	0
10	476	0	0
10	477	0	0
10	478	0	0
10	479	0	0
10	480	0	0
10	481	0	0
10	482	0	1
10	483	0	0
10	484	0	0
10	485	0	0
10	486	0	0
10	487	0	0
10	488	0	0
10	489	0	0
10	490	1	0
10	491	0	0
10	492	0	0
10	493	0	0
10	494	0	0
10	495	0	0
10	496	0	0
10	497	0	0
10	498	0	0
10	499	0	0
10	500	0	0
10	501	0	0
10	502	1	0
10	503	0	0
10	504	0	0
10	505	1	0
10	506	0	0
10	507	0	0
10	508	0	0
10	509	1	0
10	510	0	0
10	511	0	0
10	512	1	0
10	513	0	0
10	514	0	0
10	515	0	0
10	516	0	0
10	517	0	0
10	518	0	0
10	519	0	0
10	520	1	0
10	521	1	0
10	522	0	0
10	523	1	0
10	524	1	0
10	525	1	0
10	526	1	0
10	527	1	0
10	528	1	0
10	529	1	0
10	530	1	0
10	531	1	0
10	532	1	0
10	533	0	0
10	534	1	0
10	535	1	1
10	536	1	0
10	537	1	0
10	538	0	1
10	539	0	0
10	540	1	1
10	541	1	0
10	542	1	0
10	543	1	1
10	544	1	1
10	545	1	1
10	546	1	1
10	547	1	0
10	548	1	0
10	549	1	1
10	550	1	1
10	551	1	0
10	552	0	1
10	553	0	1
10	554	0	1
10	555	0	1
10	556	0	1
10	557	0	0
10	558	0	1
10	559	0	1
10	560	0	0
10	561	0	0
10	562	0	1
10	563	0	0
10	564	0	0
10	565	0	0
10	566	0	0
10	567	1	0
10	568	0	0
10	569	0	0
10	570	0	1
10	571	0	0
10	572	0	1
10	573	0	0
10	574	0	0
10	575	0	0
10	576	1	0
10	577	0	1
10	578	1	0
10	579	0	1
10	580	1	0
10	581	0	0
10	582	0	1
10	583	1	0
10	584	0	0
10	585	1	0
10	586	1	0
10	587	1	0
10	588	0	0
10	589	0	0
10	590	1	0
10	591	1	0
10	592	1	0
10	593	1	0
10	594	1	0
10	595	1	1
10	596	1	1
10	597	0	0
10	598	1	1
10	599	1	0
10	600	1	0
10	601	1	0
10	602	1	1
10	603	0	1
10	604	1	1
10	605	1	1
10	606	0	1
10	607	1	0
10	608	1	1
10	609	1	1
10	610	1	0
10	611	1	1
10	612	1	1
10	613	0	1
10	614	1	1
10	615	0	1
10	616	1	1
10	617	1	1
10	618	1	1
10	619	1	1
10	620	1	1
10	621	0	1
10	622	0	1
10	623	0	0
10	624	0	1
10	625	0	1
10	626	0	1
10	627	0	1
10	628	0	0
10	629	0	1
10	630	1	1
10	631	0	1
10	632	0	0
10	633	0	1
10	634	0	0
10	635	1	0
10	636	0	0
10	637	0	0
10	638	0	1
10	639	1	0
10	640	0	1
10	641	0	1
10	642	0	0
10	643	0	1
10	644	0	0
10	645	1	0
10	646	0	0
10	647	0	1
10	648	1	0
10	649	0	0
10	650	0	0
10	651	1	0
10	652	0	0
10	653	1	0
10	654	1	0
10	655	0	0
10	656	1	1
10	657	0	0
10	658	0	0
10	659	0	0
10	660	0	1
10	661	1	0
10	662	1	0
10	663	0	0
10	664	1	0
10	665	1	0
10	666	0	0
10	667	1	0
10	668	1	0
10	669	1	1
10	670	1	1
10	671	1	1
10	672	1	0
10	673	0	1
10	674	1	1
10	675	1	1
10	676	1	0
10	677	1	0
10	678	1	0
10	679	1	1
10	680	1	1
10	681	1	1
10	682	1	1
10	683	1	0
10	684	0	1
10	685	1	0
10	686	0	1
10	687	1	1
10	688	1	1
10	689	1	1
10	690	0	1
10	691	0	1
10	692	1	1
10	693	0	0
10	694	0	1
10	695	0	1
10	696	1	1
10	697	1	1
10	698	0	1
10	699	0	1
10	700	0	1
10	701	0	0
10	702	1	1
10	703	0	1
10	704	1	0
10	705	1	1
10	706	0	1
10	707	0	0
10	708	0	1
10	709	0	0
10	710	0	0
10	711	0	1
10	712	0	0
10	713	0	1
10	714	1	0
10	715	0	0
10	716	0	0
10	717	1	0
10	718	0	0
10	719	0	0
10	720	0	0
10	721	1	0
10	722	1	0
10	723	0	1
10	724	1	0
10	725	1	1
10	726	0	1
10	727	0	0
10	728	0	0
10	729	0	0
10	730	1	1
10	731	1	0
10	732	1	1
10	733	1	0
10	734	0	0
10	735	1	1
10	736	1	1
10	737	1	1
10	738	1	0
10	739	0	1
10	740	1	0
10	741	1	1
10	742	1	0
10	743	1	0
10	744	1	1
10	745	1	1
10	746	1	0
10	747	1	1
10	748	1	1
10	749	1	1
10	750	1	1
10	751	0	1
10	752	1	0
10	753	1	1
10	754	1	1
10	755	0	0
10	756	1	1
10	757	0	1
10	758	1	1
10	759	1	1
10	760	1	1
10	761	1	1
10	762	0	1
10	763	1	1
10	764	0	1
10	765	1	0
10	766	1	1
10	767	0	1
10	768	0	1
10	769	0	1
10	770	1	1
10	771	0	0
10	772	0	1
10	773	0	1
10	774	0	1
10	775	0	0
10	776	1	0
10	777	0	0
10	778	0	1
10	779	0	0
10	780	0	1
10	781	0	1
10	782	0	1
10	783	0	0
10	784	0	0
10	785	0	0
10	786	0	0
10	787	0	0
10	788	1	0
10	789	0	0
10	790	0	0
10	791	0	0
10	792	0	1
10	793	0	0
10	794	0	0
10	795	0	1
10	796	0	0
10	797	0	0
10	798	0	0
10	799	1	1
10	800	0	0
