subjID	trial	choice	outcome
1	1	1	1
1	2	2	-1
1	3	2	-1
1	4	2	-1
1	5	1	-1
1	6	2	-1
1	7	2	1
1	8	1	1
1	9	1	1
1	10	1	-1
1	11	2	1
1	12	1	1
1	13	2	-1
1	14	1	-1
1	15	1	1
1	16	1	1
1	17	2	-1
1	18	2	-1
1	19	2	-1
1	20	2	1
1	21	1	-1
1	22	1	-1
1	23	2	-1
1	24	2	-1
1	25	2	-1
1	26	1	1
1	27	1	-1
1	28	2	-1
1	29	1	1
1	30	1	1
1	31	1	1
1	32	1	1
1	33	2	-1
1	34	1	1
1	35	1	1
1	36	1	-1
1	37	2	-1
1	38	1	1
1	39	2	-1
1	40	1	1
1	41	1	1
1	42	1	1
1	43	2	-1
1	44	1	1
1	45	1	1
1	46	1	1
1	47	1	1
1	48	2	1
1	49	1	1
1	50	1	1
1	51	1	1
1	52	2	-1
1	53	1	1
1	54	1	-1
1	55	1	-1
1	56	2	-1
1	57	1	-1
1	58	2	1
1	59	2	1
1	60	2	-1
1	61	1	1
1	62	1	-1
1	63	2	1
1	64	1	1
1	65	1	1
1	66	2	-1
1	67	1	-1
1	68	2	1
1	69	2	-1
1	70	2	-1
1	71	2	-1
1	72	1	1
1	73	2	1
1	74	1	1
1	75	2	-1
1	76	1	-1
1	77	1	-1
1	78	2	-1
1	79	1	-1
1	80	2	-1
1	81	1	1
1	82	2	-1
1	83	2	-1
1	84	1	-1
1	85	1	1
1	86	1	1
1	87	1	1
1	88	1	1
1	89	1	1
1	90	1	-1
1	91	2	1
1	92	2	1
1	93	1	1
1	94	2	1
1	95	2	-1
1	96	1	-1
1	97	1	1
1	98	1	-1
1	99	1	-1
1	100	1	-1
2	1	2	1
2	2	2	-1
2	3	2	-1
2	4	1	1
2	5	2	1
2	6	1	1
2	7	1	1
2	8	1	-1
2	9	1	-1
2	10	2	1
2	11	1	1
2	12	2	-1
2	13	2	-1
2	14	1	1
2	15	2	1
2	16	1	1
2	17	1	1
2	18	1	1
2	19	2	1
2	20	1	1
2	21	2	1
2	22	1	1
2	23	2	1
2	24	2	-1
2	25	1	1
2	26	2	1
2	27	1	1
2	28	2	1
2	29	2	-1
2	30	1	1
2	31	2	1
2	32	1	1
2	33	2	1
2	34	2	1
2	35	2	1
2	36	2	-1
2	37	1	1
2	38	1	-1
2	39	2	1
2	40	1	1
2	41	2	1
2	42	2	-1
2	43	1	1
2	44	2	-1
2	45	2	-1
2	46	1	1
2	47	1	-1
2	48	1	1
2	49	2	-1
2	50	1	1
2	51	1	1
2	52	1	1
2	53	2	-1
2	54	1	1
2	55	1	-1
2	56	1	-1
2	57	2	1
2	58	1	1
2	59	2	-1
2	60	1	1
2	61	1	1
2	62	1	1
2	63	1	1
2	64	1	1
2	65	1	-1
2	66	1	1
2	67	2	-1
2	68	1	-1
2	69	2	1
2	70	1	1
2	71	2	-1
2	72	2	1
2	73	1	1
2	74	2	-1
2	75	1	-1
2	76	2	1
2	77	1	1
2	78	1	1
2	79	1	1
2	80	1	-1
2	81	2	-1
2	82	2	-1
2	83	1	1
2	84	2	1
2	85	1	-1
2	86	2	1
2	87	1	1
2	88	1	1
2	89	1	-1
2	90	1	-1
2	91	1	1
2	92	1	1
2	93	2	1
2	94	2	-1
2	95	1	-1
2	96	1	1
2	97	2	1
2	98	1	1
2	99	1	-1
2	100	2	-1
3	1	1	1
3	2	2	1
3	3	1	1
3	4	2	-1
3	5	1	1
3	6	1	1
3	7	1	1
3	8	2	-1
3	9	1	1
3	10	1	1
3	11	1	1
3	12	1	1
3	13	2	1
3	14	2	1
3	15	1	1
3	16	2	-1
3	17	2	-1
3	18	1	1
3	19	2	1
3	20	2	-1
3	21	2	1
3	22	2	-1
3	23	1	1
3	24	2	-1
3	25	1	1
3	26	2	-1
3	27	1	-1
3	28	1	1
3	29	2	1
3	30	1	-1
3	31	2	-1
3	32	1	1
3	33	1	-1
3	34	2	1
3	35	2	1
3	36	1	1
3	37	2	1
3	38	1	1
3	39	2	1
3	40	1	-1
3	41	2	-1
3	42	2	-1
3	43	2	-1
3	44	1	1
3	45	1	-1
3	46	1	1
3	47	1	1
3	48	1	1
3	49	1	1
3	50	1	1
3	51	2	-1
3	52	1	1
3	53	2	-1
3	54	1	-1
3	55	1	-1
3	56	1	1
3	57	1	-1
3	58	1	1
3	59	1	1
3	60	1	-1
3	61	1	1
3	62	2	-1
3	63	1	1
3	64	1	1
3	65	1	1
3	66	2	-1
3	67	1	-1
3	68	1	-1
3	69	2	-1
3	70	2	-1
3	71	2	1
3	72	2	-1
3	73	1	1
3	74	2	1
3	75	2	-1
3	76	1	-1
3	77	1	1
3	78	1	1
3	79	2	-1
3	80	1	1
3	81	1	-1
3	82	1	-1
3	83	1	1
3	84	1	1
3	85	2	1
3	86	1	1
3	87	1	1
3	88	1	1
3	89	1	1
3	90	2	-1
3	91	1	-1
3	92	2	-1
3	93	2	-1
3	94	2	-1
3	95	2	-1
3	96	1	1
3	97	1	-1
3	98	1	-1
3	99	2	1
3	100	1	1
4	1	2	-1
4	2	2	1
4	3	2	1
4	4	2	1
4	5	1	1
4	6	2	1
4	7	1	1
4	8	1	1
4	9	1	1
4	10	2	-1
4	11	2	-1
4	12	1	1
4	13	1	-1
4	14	2	-1
4	15	1	1
4	16	1	1
4	17	1	-1
4	18	2	1
4	19	1	1
4	20	2	-1
4	21	2	1
4	22	1	1
4	23	1	-1
4	24	2	-1
4	25	1	1
4	26	1	-1
4	27	1	-1
4	28	2	-1
4	29	2	1
4	30	2	-1
4	31	2	1
4	32	2	-1
4	33	2	-1
4	34	1	1
4	35	1	-1
4	36	2	-1
4	37	1	-1
4	38	2	1
4	39	2	-1
4	40	2	-1
4	41	1	1
4	42	2	1
4	43	1	-1
4	44	1	-1
4	45	2	1
4	46	1	-1
4	47	2	1
4	48	2	1
4	49	2	-1
4	50	2	-1
4	51	1	1
4	52	1	1
4	53	1	1
4	54	2	1
4	55	1	1
4	56	1	1
4	57	1	1
4	58	1	1
4	59	2	1
4	60	1	1
4	61	2	1
4	62	1	-1
4	63	2	-1
4	64	2	-1
4	65	2	-1
4	66	1	1
4	67	2	-1
4	68	1	-1
4	69	1	-1
4	70	1	1
4	71	2	1
4	72	2	-1
4	73	2	1
4	74	1	-1
4	75	2	-1
4	76	1	1
4	77	1	1
4	78	1	-1
4	79	2	-1
4	80	1	1
4	81	2	-1
4	82	1	1
4	83	1	-1
4	84	1	-1
4	85	2	1
4	86	1	1
4	87	1	1
4	88	2	1
4	89	2	-1
4	90	2	-1
4	91	1	1
4	92	1	1
4	93	2	1
4	94	1	1
4	95	2	1
4	96	2	-1
4	97	2	1
4	98	1	1
4	99	2	-1
4	100	2	1
5	1	2	-1
5	2	2	1
5	3	1	-1
5	4	2	1
5	5	2	-1
5	6	1	1
5	7	1	-1
5	8	1	-1
5	9	2	1
5	10	1	-1
5	11	1	-1
5	12	2	-1
5	13	1	1
5	14	1	-1
5	15	1	1
5	16	2	-1
5	17	1	-1
5	18	1	-1
5	19	1	1
5	20	1	1
5	21	1	-1
5	22	1	1
5	23	2	-1
5	24	2	1
5	25	1	1
5	26	1	1
5	27	2	-1
5	28	1	1
5	29	1	1
5	30	2	-1
5	31	1	-1
5	32	2	1
5	33	1	-1
5	34	2	-1
5	35	2	-1
5	36	1	1
5	37	1	-1
5	38	2	1
5	39	1	1
5	40	2	-1
5	41	1	1
5	42	1	1
5	43	1	1
5	44	1	-1
5	45	1	1
5	46	2	-1
5	47	1	1
5	48	2	1
5	49	1	1
5	50	1	1
5	51	1	1
5	52	2	-1
5	53	1	1
5	54	2	-1
5	55	1	1
5	56	1	-1
5	57	1	1
5	58	1	-1
5	59	2	1
5	60	2	1
5	61	2	-1
5	62	1	-1
5	63	2	1
5	64	1	1
5	65	2	1
5	66	2	1
5	67	1	1
5	68	1	-1
5	69	2	-1
5	70	1	-1
5	71	2	1
5	72	1	1
5	73	2	-1
5	74	2	-1
5	75	2	-1
5	76	2	-1
5	77	1	-1
5	78	1	1
5	79	1	1
5	80	2	-1
5	81	1	1
5	82	2	-1
5	83	2	1
5	84	2	1
5	85	1	1
5	86	1	1
5	87	2	1
5	88	1	1
5	89	1	1
5	90	2	-1
5	91	1	1
5	92	2	-1
5	93	1	-1
5	94	1	1
5	95	1	1
5	96	1	1
5	97	1	-1
5	98	1	1
5	99	1	1
5	100	1	-1
6	1	1	-1
6	2	2	-1
6	3	2	-1
6	4	1	-1
6	5	1	1
6	6	1	1
6	7	2	1
6	8	1	-1
6	9	2	-1
6	10	2	-1
6	11	2	1
6	12	1	1
6	13	2	-1
6	14	2	-1
6	15	2	1
6	16	1	1
6	17	1	-1
6	18	2	-1
6	19	2	1
6	20	1	-1
6	21	2	-1
6	22	1	-1
6	23	2	-1
6	24	1	-1
6	25	1	1
6	26	1	1
6	27	1	1
6	28	1	1
6	29	2	-1
6	30	1	-1
6	31	1	1
6	32	1	1
6	33	1	-1
6	34	1	-1
6	35	1	-1
6	36	1	1
6	37	1	-1
6	38	2	1
6	39	2	1
6	40	1	1
6	41	2	1
6	42	1	-1
6	43	2	-1
6	44	1	1
6	45	1	1
6	46	2	-1
6	47	1	1
6	48	1	1
6	49	1	1
6	50	2	-1
6	51	1	1
6	52	1	1
6	53	1	1
6	54	1	-1
6	55	1	1
6	56	1	-1
6	57	2	1
6	58	2	-1
6	59	1	1
6	60	1	1
6	61	1	1
6	62	2	-1
6	63	1	1
6	64	1	-1
6	65	1	1
6	66	1	-1
6	67	1	-1
6	68	2	1
6	69	2	-1
6	70	1	-1
6	71	1	1
6	72	1	1
6	73	2	-1
6	74	1	-1
6	75	1	-1
6	76	2	-1
6	77	2	-1
6	78	1	1
6	79	1	1
6	80	1	1
6	81	1	-1
6	82	2	1
6	83	1	1
6	84	1	-1
6	85	1	-1
6	86	2	-1
6	87	2	-1
6	88	1	1
6	89	1	1
6	90	2	-1
6	91	2	1
6	92	1	1
6	93	2	-1
6	94	1	1
6	95	2	1
6	96	1	1
6	97	1	-1
6	98	1	-1
6	99	1	-1
6	100	1	1
7	1	2	-1
7	2	1	-1
7	3	1	1
7	4	2	-1
7	5	2	-1
7	6	1	1
7	7	1	1
7	8	1	-1
7	9	1	1
7	10	1	1
7	11	1	-1
7	12	1	-1
7	13	1	1
7	14	1	-1
7	15	1	-1
7	16	1	1
7	17	1	1
7	18	2	-1
7	19	1	-1
7	20	1	-1
7	21	1	1
7	22	2	1
7	23	2	-1
7	24	1	1
7	25	1	1
7	26	1	1
7	27	1	-1
7	28	2	-1
7	29	1	1
7	30	1	1
7	31	2	-1
7	32	1	1
7	33	1	-1
7	34	1	1
7	35	1	1
7	36	1	-1
7	37	2	-1
7	38	1	1
7	39	1	-1
7	40	2	-1
7	41	1	1
7	42	1	1
7	43	1	1
7	44	1	1
7	45	1	1
7	46	1	1
7	47	1	-1
7	48	1	-1
7	49	2	1
7	50	1	1
7	51	2	1
7	52	2	1
7	53	2	-1
7	54	2	1
7	55	2	1
7	56	1	1
7	57	1	1
7	58	1	-1
7	59	2	-1
7	60	1	-1
7	61	2	-1
7	62	1	1
7	63	1	1
7	64	1	1
7	65	1	1
7	66	1	-1
7	67	1	1
7	68	1	1
7	69	1	1
7	70	1	1
7	71	1	1
7	72	2	1
7	73	1	1
7	74	1	1
7	75	1	1
7	76	2	-1
7	77	1	1
7	78	1	-1
7	79	2	-1
7	80	1	1
7	81	1	1
7	82	2	-1
7	83	1	-1
7	84	1	1
7	85	2	-1
7	86	1	1
7	87	1	1
7	88	1	-1
7	89	1	-1
7	90	2	-1
7	91	1	1
7	92	1	1
7	93	1	-1
7	94	1	1
7	95	1	-1
7	96	1	1
7	97	1	1
7	98	2	1
7	99	2	-1
7	100	1	1
8	1	2	1
8	2	2	-1
8	3	2	-1
8	4	1	1
8	5	2	1
8	6	1	-1
8	7	2	-1
8	8	2	1
8	9	1	1
8	10	2	1
8	11	1	1
8	12	1	1
8	13	2	-1
8	14	1	1
8	15	1	-1
8	16	2	1
8	17	2	-1
8	18	2	-1
8	19	2	1
8	20	1	1
8	21	2	1
8	22	2	-1
8	23	1	-1
8	24	1	-1
8	25	2	1
8	26	2	-1
8	27	2	1
8	28	2	1
8	29	1	1
8	30	2	-1
8	31	1	1
8	32	1	-1
8	33	1	1
8	34	1	1
8	35	2	-1
8	36	2	-1
8	37	1	-1
8	38	2	-1
8	39	1	1
8	40	1	1
8	41	1	1
8	42	1	-1
8	43	1	1
8	44	1	1
8	45	1	1
8	46	1	-1
8	47	2	-1
8	48	2	-1
8	49	1	1
8	50	2	-1
8	51	1	-1
8	52	2	-1
8	53	2	-1
8	54	2	-1
8	55	1	1
8	56	2	1
8	57	1	1
8	58	1	-1
8	59	1	-1
8	60	2	1
8	61	2	-1
8	62	2	1
8	63	2	-1
8	64	1	-1
8	65	2	-1
8	66	1	1
8	67	1	-1
8	68	1	-1
8	69	1	1
8	70	2	-1
8	71	2	-1
8	72	2	1
8	73	1	1
8	74	1	-1
8	75	1	-1
8	76	1	1
8	77	1	1
8	78	1	-1
8	79	2	-1
8	80	2	1
8	81	2	-1
8	82	1	1
8	83	1	1
8	84	1	1
8	85	1	1
8	86	1	1
8	87	1	1
8	88	1	1
8	89	2	-1
8	90	1	-1
8	91	2	1
8	92	2	-1
8	93	1	1
8	94	1	1
8	95	2	-1
8	96	1	1
8	97	1	1
8	98	1	1
8	99	1	1
8	100	1	1
9	1	1	1
9	2	1	1
9	3	1	1
9	4	1	1
9	5	1	-1
9	6	1	1
9	7	1	1
9	8	1	1
9	9	1	1
9	10	2	-1
9	11	1	1
9	12	2	-1
9	13	2	-1
9	14	1	-1
9	15	1	1
9	16	1	-1
9	17	1	1
9	18	1	1
9	19	1	1
9	20	1	1
9	21	1	-1
9	22	1	1
9	23	2	-1
9	24	2	1
9	25	1	1
9	26	1	-1
9	27	2	-1
9	28	1	-1
9	29	1	-1
9	30	2	-1
9	31	1	-1
9	32	1	1
9	33	1	1
9	34	1	-1
9	35	1	-1
9	36	2	-1
9	37	2	1
9	38	1	1
9	39	1	1
9	40	2	-1
9	41	1	-1
9	42	1	1
9	43	1	1
9	44	2	1
9	45	1	1
9	46	2	-1
9	47	1	1
9	48	1	1
9	49	1	1
9	50	2	-1
9	51	1	-1
9	52	1	-1
9	53	1	1
9	54	2	-1
9	55	1	-1
9	56	2	-1
9	57	1	1
9	58	1	-1
9	59	1	1
9	60	2	-1
9	61	1	-1
9	62	1	-1
9	63	1	1
9	64	1	-1
9	65	1	1
9	66	1	-1
9	67	1	-1
9	68	2	-1
9	69	2	-1
9	70	2	-1
9	71	2	1
9	72	2	1
9	73	1	1
9	74	1	1
9	75	1	1
9	76	2	1
9	77	2	-1
9	78	1	-1
9	79	1	1
9	80	1	1
9	81	1	1
9	82	2	1
9	83	2	1
9	84	1	1
9	85	2	-1
9	86	2	1
9	87	2	-1
9	88	2	-1
9	89	1	-1
9	90	1	-1
9	91	2	1
9	92	2	-1
9	93	2	-1
9	94	2	-1
9	95	1	1
9	96	1	1
9	97	1	1
9	98	2	-1
9	99	1	-1
9	100	2	1
10	1	1	-1
10	2	2	-1
10	3	2	-1
10	4	2	-1
10	5	1	1
10	6	1	1
10	7	1	1
10	8	2	-1
10	9	1	1
10	10	1	1
10	11	2	-1
10	12	1	-1
10	13	2	-1
10	14	2	1
10	15	2	-1
10	16	1	-1
10	17	1	-1
10	18	2	-1
10	19	1	1
10	20	1	1
10	21	2	1
10	22	2	-1
10	23	1	-1
10	24	1	-1
10	25	2	-1
10	26	1	1
10	27	2	-1
10	28	1	1
10	29	2	1
10	30	1	1
10	31	1	1
10	32	2	-1
10	33	1	1
10	34	1	1
10	35	1	-1
10	36	1	1
10	37	1	1
10	38	2	-1
10	39	1	-1
10	40	1	1
10	41	1	-1
10	42	1	-1
10	43	1	1
10	44	1	1
10	45	1	1
10	46	1	-1
10	47	1	1
10	48	1	-1
10	49	2	-1
10	50	1	1
10	51	1	1
10	52	1	-1
10	53	1	1
10	54	2	-1
10	55	1	-1
10	56	1	1
10	57	1	-1
10	58	2	-1
10	59	2	-1
10	60	1	1
10	61	1	-1
10	62	1	1
10	63	1	1
10	64	1	1
10	65	1	-1
10	66	2	-1
10	67	2	-1
10	68	1	1
10	69	1	1
10	70	1	1
10	71	1	1
10	72	1	1
10	73	1	-1
10	74	1	1
10	75	1	-1
10	76	1	-1
10	77	1	1
10	78	1	1
10	79	2	-1
10	80	1	1
10	81	1	-1
10	82	2	-1
10	83	1	1
10	84	1	1
10	85	1	1
10	86	1	-1
10	87	1	1
10	88	1	-1
10	89	1	1
10	90	2	1
10	91	1	1
10	92	2	-1
10	93	1	-1
10	94	1	1
10	95	1	1
10	96	2	-1
10	97	1	-1
10	98	2	-1
10	99	2	-1
10	100	2	1
11	1	2	-1
11	2	1	1
11	3	2	1
11	4	1	-1
11	5	2	-1
11	6	2	1
11	7	2	-1
11	8	1	1
11	9	1	-1
11	10	2	-1
11	11	2	-1
11	12	1	1
11	13	1	1
11	14	2	-1
11	15	2	-1
11	16	2	-1
11	17	1	-1
11	18	1	1
11	19	1	1
11	20	1	-1
11	21	2	-1
11	22	1	1
11	23	1	-1
11	24	2	-1
11	25	1	-1
11	26	1	1
11	27	2	-1
11	28	1	1
11	29	1	1
11	30	1	1
11	31	1	-1
11	32	1	1
11	33	2	-1
11	34	2	-1
11	35	1	1
11	36	1	-1
11	37	1	1
11	38	1	-1
11	39	2	-1
11	40	2	-1
11	41	1	1
11	42	2	-1
11	43	1	-1
11	44	1	-1
11	45	1	1
11	46	1	1
11	47	1	-1
11	48	1	1
11	49	1	1
11	50	1	1
11	51	1	-1
11	52	1	-1
11	53	1	1
11	54	1	-1
11	55	1	1
11	56	1	-1
11	57	1	-1
11	58	1	1
11	59	2	1
11	60	1	-1
11	61	1	1
11	62	1	-1
11	63	1	1
11	64	1	1
11	65	1	-1
11	66	1	1
11	67	1	-1
11	68	1	1
11	69	1	1
11	70	2	-1
11	71	1	-1
11	72	2	-1
11	73	1	1
11	74	1	1
11	75	1	1
11	76	2	-1
11	77	1	-1
11	78	2	-1
11	79	1	-1
11	80	1	-1
11	81	1	-1
11	82	2	-1
11	83	2	-1
11	84	2	-1
11	85	1	-1
11	86	1	-1
11	87	2	-1
11	88	1	-1
11	89	1	-1
11	90	2	-1
11	91	1	1
11	92	1	1
11	93	1	1
11	94	1	-1
11	95	1	1
11	96	1	1
11	97	1	1
11	98	1	1
11	99	1	1
11	100	1	1
12	1	2	1
12	2	2	-1
12	3	2	-1
12	4	2	-1
12	5	1	1
12	6	2	1
12	7	2	1
12	8	2	-1
12	9	1	1
12	10	2	-1
12	11	2	-1
12	12	2	1
12	13	2	1
12	14	1	1
12	15	2	-1
12	16	2	1
12	17	2	-1
12	18	1	-1
12	19	1	-1
12	20	2	1
12	21	2	1
12	22	1	1
12	23	1	1
12	24	1	1
12	25	2	-1
12	26	1	-1
12	27	2	-1
12	28	2	-1
12	29	2	-1
12	30	1	1
12	31	1	1
12	32	1	1
12	33	1	-1
12	34	1	1
12	35	2	-1
12	36	1	1
12	37	2	-1
12	38	1	-1
12	39	2	-1
12	40	1	-1
12	41	1	1
12	42	1	1
12	43	1	1
12	44	1	-1
12	45	1	1
12	46	1	-1
12	47	1	1
12	48	1	-1
12	49	1	1
12	50	1	-1
12	51	2	-1
12	52	1	1
12	53	1	1
12	54	1	1
12	55	1	1
12	56	1	1
12	57	2	-1
12	58	1	-1
12	59	2	-1
12	60	1	1
12	61	1	1
12	62	1	1
12	63	1	-1
12	64	1	1
12	65	1	1
12	66	1	1
12	67	1	1
12	68	1	1
12	69	1	1
12	70	2	-1
12	71	1	1
12	72	1	1
12	73	1	1
12	74	1	-1
12	75	1	1
12	76	1	1
12	77	1	1
12	78	1	1
12	79	1	1
12	80	1	1
12	81	1	1
12	82	1	1
12	83	1	-1
12	84	2	-1
12	85	2	-1
12	86	2	-1
12	87	2	-1
12	88	1	1
12	89	1	-1
12	90	2	-1
12	91	2	1
12	92	2	-1
12	93	2	1
12	94	1	-1
12	95	2	-1
12	96	1	-1
12	97	2	-1
12	98	2	-1
12	99	1	1
12	100	2	-1
13	1	2	-1
13	2	1	1
13	3	1	1
13	4	1	-1
13	5	2	-1
13	6	1	1
13	7	1	-1
13	8	1	-1
13	9	1	-1
13	10	1	1
13	11	2	-1
13	12	2	-1
13	13	1	1
13	14	2	1
13	15	2	-1
13	16	2	-1
13	17	1	1
13	18	1	-1
13	19	2	-1
13	20	1	1
13	21	1	1
13	22	1	-1
13	23	1	-1
13	24	2	1
13	25	1	1
13	26	1	1
13	27	1	-1
13	28	1	1
13	29	1	-1
13	30	2	1
13	31	1	-1
13	32	2	-1
13	33	2	-1
13	34	2	-1
13	35	2	1
13	36	1	1
13	37	1	-1
13	38	2	-1
13	39	2	-1
13	40	1	-1
13	41	1	1
13	42	2	-1
13	43	2	1
13	44	1	1
13	45	2	-1
13	46	2	1
13	47	1	1
13	48	1	1
13	49	2	-1
13	50	2	-1
13	51	2	-1
13	52	1	1
13	53	2	1
13	54	1	1
13	55	1	1
13	56	1	1
13	57	1	1
13	58	1	1
13	59	1	-1
13	60	1	-1
13	61	2	1
13	62	2	1
13	63	2	1
13	64	2	-1
13	65	2	-1
13	66	1	1
13	67	2	-1
13	68	2	1
13	69	1	1
13	70	2	1
13	71	2	1
13	72	2	-1
13	73	2	1
13	74	1	-1
13	75	1	-1
13	76	1	1
13	77	1	-1
13	78	1	1
13	79	1	1
13	80	2	1
13	81	2	-1
13	82	2	1
13	83	1	1
13	84	2	-1
13	85	1	1
13	86	2	-1
13	87	1	1
13	88	1	1
13	89	1	-1
13	90	1	1
13	91	1	-1
13	92	1	1
13	93	1	1
13	94	1	1
13	95	1	1
13	96	1	1
13	97	1	1
13	98	1	1
13	99	1	1
13	100	1	1
14	1	2	-1
14	2	1	1
14	3	1	1
14	4	1	1
14	5	1	-1
14	6	1	1
14	7	2	-1
14	8	1	1
14	9	1	1
14	10	2	-1
14	11	1	-1
14	12	2	-1
14	13	2	1
14	14	2	-1
14	15	2	-1
14	16	1	1
14	17	1	1
14	18	1	-1
14	19	1	1
14	20	1	1
14	21	1	1
14	22	2	-1
14	23	2	-1
14	24	1	1
14	25	1	1
14	26	2	-1
14	27	2	1
14	28	2	1
14	29	2	-1
14	30	2	-1
14	31	1	1
14	32	2	-1
14	33	1	-1
14	34	1	-1
14	35	2	1
14	36	2	1
14	37	1	-1
14	38	2	1
14	39	2	-1
14	40	2	1
14	41	1	-1
14	42	2	-1
14	43	2	-1
14	44	2	-1
14	45	2	-1
14	46	2	-1
14	47	2	-1
14	48	1	-1
14	49	2	1
14	50	2	1
14	51	2	1
14	52	2	-1
14	53	1	1
14	54	2	-1
14	55	1	1
14	56	2	-1
14	57	1	1
14	58	1	1
14	59	2	-1
14	60	2	-1
14	61	2	1
14	62	1	-1
14	63	1	1
14	64	1	-1
14	65	1	-1
14	66	1	1
14	67	1	1
14	68	1	1
14	69	1	1
14	70	2	-1
14	71	2	-1
14	72	2	1
14	73	2	-1
14	74	1	1
14	75	2	-1
14	76	1	1
14	77	1	1
14	78	1	-1
14	79	2	-1
14	80	2	-1
14	81	1	1
14	82	1	1
14	83	1	1
14	84	1	-1
14	85	1	1
14	86	2	-1
14	87	2	1
14	88	1	1
14	89	1	1
14	90	2	-1
14	91	1	1
14	92	1	-1
14	93	1	1
14	94	1	1
14	95	1	1
14	96	2	1
14	97	1	-1
14	98	1	1
14	99	1	1
14	100	1	1
15	1	1	-1
15	2	2	-1
15	3	1	1
15	4	1	1
15	5	1	-1
15	6	2	1
15	7	2	1
15	8	2	-1
15	9	2	-1
15	10	1	1
15	11	1	-1
15	12	1	1
15	13	1	1
15	14	1	-1
15	15	2	1
15	16	1	-1
15	17	2	1
15	18	1	-1
15	19	2	1
15	20	1	1
15	21	2	1
15	22	1	1
15	23	1	1
15	24	2	-1
15	25	2	-1
15	26	2	-1
15	27	2	1
15	28	2	1
15	29	2	1
15	30	1	1
15	31	1	1
15	32	1	1
15	33	2	-1
15	34	1	1
15	35	1	1
15	36	1	1
15	37	2	1
15	38	2	-1
15	39	1	-1
15	40	2	-1
15	41	1	-1
15	42	1	-1
15	43	1	1
15	44	1	1
15	45	1	-1
15	46	1	1
15	47	1	1
15	48	2	-1
15	49	1	-1
15	50	1	1
15	51	2	1
15	52	1	-1
15	53	1	-1
15	54	1	1
15	55	1	-1
15	56	1	1
15	57	1	-1
15	58	1	1
15	59	2	1
15	60	1	-1
15	61	2	1
15	62	2	1
15	63	1	1
15	64	2	-1
15	65	2	-1
15	66	1	1
15	67	1	-1
15	68	1	1
15	69	1	1
15	70	1	1
15	71	1	-1
15	72	1	1
15	73	1	-1
15	74	1	1
15	75	1	1
15	76	2	-1
15	77	1	-1
15	78	2	-1
15	79	2	1
15	80	1	-1
15	81	2	-1
15	82	2	1
15	83	1	-1
15	84	2	-1
15	85	1	1
15	86	1	1
15	87	1	-1
15	88	2	-1
15	89	2	-1
15	90	1	1
15	91	1	1
15	92	1	-1
15	93	1	1
15	94	1	1
15	95	1	-1
15	96	2	1
15	97	1	1
15	98	2	1
15	99	1	1
15	100	2	1
16	1	2	-1
16	2	2	1
16	3	2	1
16	4	1	1
16	5	2	-1
16	6	2	-1
16	7	2	-1
16	8	1	1
16	9	2	-1
16	10	1	1
16	11	2	1
16	12	1	-1
16	13	1	1
16	14	2	1
16	15	1	1
16	16	1	-1
16	17	2	-1
16	18	1	-1
16	19	2	-1
16	20	1	1
16	21	1	1
16	22	1	1
16	23	2	1
16	24	1	1
16	25	1	1
16	26	2	-1
16	27	1	1
16	28	2	-1
16	29	1	1
16	30	1	1
16	31	1	-1
16	32	1	-1
16	33	1	-1
16	34	2	-1
16	35	1	1
16	36	1	-1
16	37	1	-1
16	38	1	-1
16	39	1	-1
16	40	1	-1
16	41	2	-1
16	42	1	1
16	43	2	-1
16	44	1	1
16	45	2	-1
16	46	2	-1
16	47	1	1
16	48	1	1
16	49	2	-1
16	50	1	1
16	51	1	1
16	52	1	1
16	53	1	1
16	54	1	-1
16	55	1	1
16	56	1	1
16	57	1	-1
16	58	2	-1
16	59	2	1
16	60	2	-1
16	61	1	1
16	62	1	-1
16	63	1	-1
16	64	1	1
16	65	1	1
16	66	1	1
16	67	1	1
16	68	1	1
16	69	1	-1
16	70	1	1
16	71	1	1
16	72	1	-1
16	73	1	1
16	74	2	-1
16	75	1	1
16	76	1	-1
16	77	2	1
16	78	2	1
16	79	1	-1
16	80	2	-1
16	81	1	1
16	82	2	-1
16	83	2	-1
16	84	2	-1
16	85	1	1
16	86	1	1
16	87	1	1
16	88	2	1
16	89	1	-1
16	90	2	1
16	91	2	-1
16	92	2	1
16	93	1	-1
16	94	1	-1
16	95	1	1
16	96	2	-1
16	97	1	-1
16	98	2	-1
16	99	2	-1
16	100	1	1
17	1	1	1
17	2	1	1
17	3	1	1
17	4	1	1
17	5	1	1
17	6	1	1
17	7	1	1
17	8	1	1
17	9	2	-1
17	10	1	1
17	11	2	1
17	12	1	1
17	13	1	1
17	14	1	-1
17	15	1	-1
17	16	2	-1
17	17	2	-1
17	18	2	-1
17	19	2	-1
17	20	1	1
17	21	1	1
17	22	1	-1
17	23	2	1
17	24	1	-1
17	25	1	1
17	26	1	1
17	27	1	1
17	28	1	-1
17	29	2	-1
17	30	2	-1
17	31	1	-1
17	32	1	1
17	33	1	-1
17	34	1	1
17	35	2	-1
17	36	1	-1
17	37	2	1
17	38	2	-1
17	39	2	-1
17	40	1	1
17	41	1	1
17	42	1	1
17	43	1	1
17	44	1	-1
17	45	1	1
17	46	1	-1
17	47	1	-1
17	48	1	-1
17	49	1	1
17	50	2	1
17	51	1	1
17	52	1	1
17	53	2	-1
17	54	1	-1
17	55	2	1
17	56	2	1
17	57	2	-1
17	58	2	-1
17	59	1	-1
17	60	2	-1
17	61	2	-1
17	62	1	1
17	63	2	1
17	64	1	-1
17	65	2	-1
17	66	2	-1
17	67	2	-1
17	68	2	-1
17	69	1	1
17	70	1	1
17	71	1	1
17	72	1	1
17	73	1	-1
17	74	2	-1
17	75	1	1
17	76	1	1
17	77	2	-1
17	78	1	1
17	79	1	-1
17	80	1	1
17	81	1	1
17	82	1	-1
17	83	1	1
17	84	1	-1
17	85	1	1
17	86	1	1
17	87	1	1
17	88	1	1
17	89	1	-1
17	90	1	-1
17	91	1	1
17	92	1	1
17	93	1	1
17	94	2	-1
17	95	1	-1
17	96	1	-1
17	97	1	1
17	98	1	1
17	99	1	1
17	100	2	-1
18	1	2	-1
18	2	1	-1
18	3	2	-1
18	4	2	1
18	5	2	-1
18	6	2	-1
18	7	1	-1
18	8	1	1
18	9	1	1
18	10	2	-1
18	11	1	1
18	12	2	1
18	13	1	1
18	14	1	1
18	15	1	1
18	16	1	-1
18	17	2	-1
18	18	2	1
18	19	1	-1
18	20	1	1
18	21	1	1
18	22	1	-1
18	23	2	-1
18	24	2	-1
18	25	1	1
18	26	1	1
18	27	2	-1
18	28	1	1
18	29	1	-1
18	30	2	1
18	31	1	1
18	32	2	-1
18	33	1	1
18	34	2	1
18	35	2	-1
18	36	1	-1
18	37	1	1
18	38	1	1
18	39	2	1
18	40	2	-1
18	41	2	1
18	42	2	1
18	43	1	-1
18	44	2	1
18	45	2	1
18	46	2	-1
18	47	1	1
18	48	2	-1
18	49	2	-1
18	50	2	1
18	51	1	1
18	52	1	1
18	53	2	-1
18	54	2	1
18	55	2	-1
18	56	1	1
18	57	1	1
18	58	2	1
18	59	1	1
18	60	1	-1
18	61	2	1
18	62	2	-1
18	63	1	-1
18	64	2	-1
18	65	1	1
18	66	2	1
18	67	1	-1
18	68	1	-1
18	69	1	1
18	70	1	-1
18	71	2	-1
18	72	2	-1
18	73	1	1
18	74	1	-1
18	75	2	1
18	76	1	1
18	77	2	-1
18	78	1	1
18	79	2	-1
18	80	2	-1
18	81	1	1
18	82	1	1
18	83	1	1
18	84	2	1
18	85	2	-1
18	86	2	1
18	87	1	1
18	88	1	1
18	89	2	-1
18	90	1	1
18	91	1	1
18	92	1	-1
18	93	1	-1
18	94	1	-1
18	95	1	1
18	96	1	1
18	97	1	1
18	98	1	-1
18	99	2	-1
18	100	1	-1
19	1	1	1
19	2	1	-1
19	3	2	-1
19	4	1	1
19	5	1	1
19	6	1	-1
19	7	1	1
19	8	2	-1
19	9	1	1
19	10	1	1
19	11	1	-1
19	12	2	1
19	13	2	1
19	14	2	-1
19	15	1	1
19	16	2	1
19	17	2	-1
19	18	2	-1
19	19	1	1
19	20	2	-1
19	21	1	1
19	22	2	-1
19	23	1	-1
19	24	1	1
19	25	1	1
19	26	1	-1
19	27	1	1
19	28	2	1
19	29	1	1
19	30	1	1
19	31	2	1
19	32	2	1
19	33	2	-1
19	34	1	-1
19	35	1	1
19	36	1	1
19	37	1	1
19	38	1	-1
19	39	1	1
19	40	2	1
19	41	2	1
19	42	2	1
19	43	2	1
19	44	2	-1
19	45	1	-1
19	46	1	1
19	47	2	-1
19	48	2	-1
19	49	1	1
19	50	1	1
19	51	1	1
19	52	2	-1
19	53	1	1
19	54	1	1
19	55	2	-1
19	56	1	-1
19	57	1	-1
19	58	1	1
19	59	1	1
19	60	1	1
19	61	1	1
19	62	1	-1
19	63	1	-1
19	64	1	1
19	65	1	-1
19	66	1	1
19	67	1	1
19	68	1	1
19	69	1	1
19	70	1	-1
19	71	2	-1
19	72	1	-1
19	73	2	1
19	74	2	-1
19	75	2	1
19	76	1	-1
19	77	1	1
19	78	2	-1
19	79	2	-1
19	80	1	1
19	81	1	-1
19	82	1	-1
19	83	2	1
19	84	2	-1
19	85	1	-1
19	86	1	1
19	87	2	-1
19	88	2	1
19	89	2	1
19	90	1	1
19	91	2	-1
19	92	1	-1
19	93	2	-1
19	94	1	1
19	95	1	-1
19	96	2	1
19	97	1	1
19	98	2	-1
19	99	1	1
19	100	2	-1
20	1	1	1
20	2	1	-1
20	3	1	-1
20	4	2	-1
20	5	2	-1
20	6	1	-1
20	7	1	-1
20	8	2	-1
20	9	1	1
20	10	1	-1
20	11	1	-1
20	12	1	-1
20	13	2	-1
20	14	2	1
20	15	2	1
20	16	2	-1
20	17	2	1
20	18	2	-1
20	19	1	-1
20	20	2	-1
20	21	1	1
20	22	1	1
20	23	1	1
20	24	1	1
20	25	1	1
20	26	1	1
20	27	1	1
20	28	1	1
20	29	1	1
20	30	1	-1
20	31	1	-1
20	32	2	-1
20	33	1	-1
20	34	1	1
20	35	2	-1
20	36	2	1
20	37	1	1
20	38	1	-1
20	39	1	-1
20	40	1	1
20	41	2	1
20	42	1	1
20	43	2	1
20	44	1	-1
20	45	2	-1
20	46	2	-1
20	47	2	1
20	48	1	1
20	49	1	1
20	50	1	1
20	51	1	-1
20	52	1	1
20	53	1	-1
20	54	1	1
20	55	1	1
20	56	2	1
20	57	1	1
20	58	1	-1
20	59	2	-1
20	60	2	-1
20	61	1	1
20	62	1	1
20	63	1	-1
20	64	2	1
20	65	2	-1
20	66	2	-1
20	67	1	-1
20	68	1	1
20	69	1	-1
20	70	2	-1
20	71	1	1
20	72	1	-1
20	73	2	-1
20	74	1	-1
20	75	1	1
20	76	1	-1
20	77	1	1
20	78	1	-1
20	79	1	1
20	80	1	-1
20	81	2	-1
20	82	1	-1
20	83	2	-1
20	84	1	1
20	85	1	1
20	86	1	-1
20	87	2	-1
20	88	2	1
20	89	1	1
20	90	1	-1
20	91	2	-1
20	92	1	-1
20	93	2	-1
20	94	2	1
20	95	1	-1
20	96	2	1
20	97	2	-1
20	98	1	1
20	99	1	-1
20	100	2	1
