subjID	trial_number	gamble_cha	RT	cert	gain	loss	type_cha	trial_payoff	outcome	happy	RT_happy	gamble	type
1	1	safe	1935	40	0	88	loss	0	-40	0	689	0	-1
1	2	safe	5581	0	103	198	mixed	0	0	0	689	0	0
1	3	safe	5871	56	0	116	loss	0	-56	0	689	0	-1
1	4	safe	3932	0	61	124	mixed	0	0	-1	3353	0	0
1	5	risky	3838	0	60	48	mixed	0	60	-1	3353	1	0
1	6	risky	1228	0	304	302	mixed	0	-302	-1	3353	1	0
1	7	safe	2443	76	0	255	loss	0	-76	-1	1064	0	-1
1	8	safe	1024	96	197	0	gain	0	96	-1	1064	0	1
1	9	safe	1107	60	190	0	gain	0	60	1	692	0	1
1	10	safe	1546	80	254	0	gain	0	80	1	692	0	1
1	11	safe	3902	37	0	70	loss	0	-37	1	944	0	-1
1	12	risky	1349	0	158	79	mixed	0	158	1	944	1	0
1	13	safe	794	116	0	598	loss	0	-116	2	811	0	-1
1	14	safe	1330	60	0	144	loss	0	-60	2	811	0	-1
1	15	risky	1210	81	228	0	gain	0	0	0	411	1	1
1	16	risky	1138	0	303	247	mixed	0	303	0	411	1	0
1	17	risky	996	81	148	0	gain	0	0	1	600	1	1
1	18	risky	3145	0	101	50	mixed	0	-50	1	600	1	0
1	19	risky	138	82	335	0	gain	0	0	1	600	1	1
1	20	risky	3909	104	0	182	loss	0	0	-1	1103	1	-1
1	21	safe	1575	0	301	449	mixed	0	0	-1	1103	0	0
1	22	safe	2616	36	74	0	gain	0	36	1	756	0	1
1	23	risky	2635	59	0	106	loss	0	0	1	756	1	-1
1	24	risky	3355	0	102	41	mixed	0	-41	1	756	1	0
1	25	safe	1038	101	0	419	loss	0	-101	-1	955	0	-1
1	26	safe	893	83	0	284	loss	0	-83	-1	955	0	-1
1	27	risky	636	39	197	0	gain	0	197	-1	955	1	1
1	28	safe	139	100	0	503	loss	0	-100	1	629	0	-1
1	29	risky	333	103	357	0	gain	0	0	1	629	1	1
1	30	safe	636	117	220	0	gain	0	117	-1	611	0	1
1	31	risky	1001	64	0	101	loss	0	0	-1	611	1	-1
1	32	safe	2614	99	182	0	gain	0	99	1	503	0	1
1	33	safe	596	97	0	281	loss	0	-97	1	503	0	-1
1	34	risky	96	77	401	0	gain	0	0	0	589	1	1
1	35	safe	215	98	0	222	loss	0	-98	0	589	0	-1
1	36	risky	920	0	58	15	mixed	0	-15	-1	490	1	0
1	37	safe	537	40	0	143	loss	0	-40	-1	490	0	-1
1	38	risky	1164	0	223	113	mixed	0	-113	-1	939	1	0
1	39	risky	3247	124	268	0	gain	0	268	-1	939	1	1
1	40	risky	42	0	63	16	mixed	0	-16	-1	939	1	0
1	41	risky	131	96	225	0	gain	0	0	-1	667	1	1
1	42	risky	920	0	223	149	mixed	0	-149	-1	667	1	0
1	43	risky	612	0	104	28	mixed	0	-28	-1	667	1	0
1	44	risky	3925	77	0	133	loss	0	-133	-2	639	1	-1
1	45	safe	1912	64	0	136	loss	0	-64	-2	639	0	-1
1	46	safe	162	120	0	433	loss	0	-120	-2	639	0	-1
1	47	risky	369	104	319	0	gain	0	0	-2	641	1	1
1	48	risky	1531	43	0	77	loss	0	0	-2	641	1	-1
1	49	risky	640	0	61	40	mixed	0	-40	-1	772	1	0
1	50	risky	635	0	160	131	mixed	0	-131	-1	772	1	0
1	51	risky	41	58	151	0	gain	0	151	-1	772	1	1
1	52	risky	305	0	304	201	mixed	0	304	-2	684	1	0
1	53	safe	2651	78	0	178	loss	0	-78	-2	684	0	-1
1	54	risky	239	0	304	153	mixed	0	-153	0	248	1	0
1	55	risky	805	116	0	200	loss	0	0	0	248	1	-1
1	56	risky	222	0	59	34	mixed	0	-34	0	463	1	0
1	57	safe	338	80	0	336	loss	0	-80	0	463	0	-1
1	58	risky	248	62	252	0	gain	0	0	0	1483	1	1
1	59	safe	216	80	0	162	loss	0	-80	0	1483	0	-1
1	60	risky	538	0	97	19	mixed	0	97	0	1129	1	0
1	61	safe	351	0	102	120	mixed	0	0	0	1129	0	0
1	62	risky	2484	119	381	0	gain	0	381	0	262	1	1
1	63	safe	217	123	0	383	loss	0	-123	0	262	0	-1
1	64	risky	18	117	298	0	gain	0	298	0	1059	1	1
1	65	safe	71	0	98	154	mixed	0	0	0	1059	0	0
1	66	safe	373	83	0	221	loss	0	-83	2	753	0	-1
1	67	risky	619	62	217	0	gain	0	217	2	753	1	1
1	68	safe	1612	0	61	58	mixed	0	0	2	753	0	0
1	69	risky	34	37	84	0	gain	0	0	1	874	1	1
1	70	safe	134	100	0	252	loss	0	-100	1	874	0	-1
1	71	safe	714	99	169	0	gain	0	99	1	874	0	1
1	72	safe	828	0	217	179	mixed	0	0	0	3052	0	0
1	73	safe	88	0	297	364	mixed	0	0	0	3052	0	0
1	74	risky	558	41	171	0	gain	0	171	0	3052	1	1
1	75	risky	364	44	79	0	gain	0	0	0	865	1	1
1	76	risky	501	123	200	0	gain	0	200	0	865	1	1
1	77	risky	43	82	181	0	gain	0	181	0	552	1	1
1	78	risky	120	0	61	24	mixed	0	61	0	552	1	0
1	79	safe	2328	102	0	203	loss	0	-102	2	583	0	-1
1	80	risky	263	0	303	92	mixed	0	-92	2	583	1	0
1	81	safe	358	37	0	199	loss	0	-37	-1	611	0	-1
1	82	safe	1306	82	0	144	loss	0	-82	-1	611	0	-1
1	83	safe	101	0	218	438	mixed	0	0	0	824	0	0
1	84	risky	598	119	430	0	gain	0	430	0	824	1	1
1	85	risky	541	39	110	0	gain	0	0	0	279	1	1
1	86	risky	6345	0	103	62	mixed	0	-62	0	279	1	0
1	87	risky	208	44	143	0	gain	0	0	0	279	1	1
1	88	safe	142	81	0	398	loss	0	-81	-1	618	0	-1
1	89	safe	105	63	0	215	loss	0	-63	-1	618	0	-1
1	90	safe	1436	0	218	263	mixed	0	0	-1	618	0	0
1	91	safe	1136	43	0	108	loss	0	-43	-1	579	0	-1
1	92	safe	229	79	0	202	loss	0	-79	-1	579	0	-1
1	93	safe	595	97	0	318	loss	0	-97	0	1311	0	-1
1	94	safe	5488	0	158	191	mixed	0	0	0	1311	0	0
1	95	safe	1038	56	0	302	loss	0	-56	0	1311	0	-1
1	96	safe	124	103	0	364	loss	0	-103	-1	1420	0	-1
1	97	safe	788	117	0	293	loss	0	-117	-1	1420	0	-1
1	98	safe	270	0	301	59	mixed	0	0	-1	1420	0	0
1	99	risky	348	99	248	0	gain	0	248	0	476	1	1
1	100	risky	2651	0	163	45	mixed	0	-45	0	476	1	0
1	101	safe	84	42	0	172	loss	0	-42	-1	1537	0	-1
1	102	safe	40	0	156	243	mixed	0	0	-1	1537	0	0
1	103	risky	204	0	157	101	mixed	0	157	-1	1537	1	0
1	104	risky	24	57	133	0	gain	0	133	0	5156	1	1
1	105	safe	3897	99	417	0	gain	0	99	0	5156	0	1
1	106	safe	3165	78	130	0	gain	0	78	0	5156	0	1
1	107	risky	157	83	202	0	gain	0	0	1	595	1	1
1	108	risky	628	39	123	0	gain	0	0	1	595	1	1
1	109	safe	225	0	102	78	mixed	0	0	1	595	0	0
1	110	safe	512	61	0	252	loss	0	-61	-2	700	0	-1
1	111	safe	185	118	0	219	loss	0	-118	-2	700	0	-1
1	112	risky	381	56	303	0	gain	0	303	-2	700	1	1
1	113	risky	410	83	157	0	gain	0	157	-1	1091	1	1
1	114	risky	1205	0	303	124	mixed	0	303	-1	1091	1	0
1	115	risky	2050	98	0	166	loss	0	-166	-1	1091	1	-1
1	116	risky	171	0	159	61	mixed	0	159	0	258	1	0
1	117	safe	147	0	162	161	mixed	0	0	0	258	0	0
1	118	safe	410	0	216	334	mixed	0	0	0	258	0	0
1	119	safe	372	61	0	185	loss	0	-61	0	2066	0	-1
1	120	safe	1952	62	103	0	gain	0	62	0	2066	0	1
1	121	safe	516	117	0	503	loss	0	-117	0	2621	0	-1
1	122	safe	479	0	296	604	mixed	0	0	0	2621	0	0
1	123	risky	154	119	335	0	gain	0	0	-1	557	1	1
1	124	safe	3132	0	64	92	mixed	0	0	-1	557	0	0
1	125	risky	266	0	224	65	mixed	0	224	-1	557	1	0
1	126	risky	4022	116	240	0	gain	1	240	0	1164	1	1
1	127	risky	123	56	166	0	gain	0	0	0	1164	1	1
1	128	safe	499	39	71	0	gain	0	39	0	1164	0	1
1	129	risky	611	44	101	0	gain	0	101	-1	1045	1	1
1	130	safe	267	0	104	97	mixed	0	0	-1	1045	0	0
1	131	safe	423	39	0	100	loss	0	-39	-1	1045	0	-1
1	132	risky	129	0	219	40	mixed	0	-40	-1	626	1	0
1	133	safe	903	122	0	339	loss	0	-122	-1	626	0	-1
1	134	safe	771	0	58	73	mixed	0	0	-1	442	0	0
1	135	risky	1178	101	497	0	gain	0	497	-1	442	1	1
1	136	safe	156	123	0	239	loss	0	-123	-1	442	0	-1
1	137	risky	50	123	601	0	gain	0	0	1	826	1	1
1	138	risky	4906	83	291	0	gain	0	291	1	826	1	1
1	139	risky	11109	0	156	31	mixed	0	-31	1	826	1	0
1	140	risky	795	121	504	0	gain	0	0	-1	651	1	1
1	141	risky	715	40	0	68	loss	0	0	-1	651	1	-1
1	142	safe	449	43	0	126	loss	0	-43	-1	651	0	-1
1	143	risky	13105	0	222	84	mixed	0	-84	0	5028	1	0
1	144	safe	188	0	158	318	mixed	0	0	0	5028	0	0
1	145	risky	2599	61	111	0	gain	0	111	0	5028	1	1
1	146	risky	546	59	124	0	gain	0	124	0	816	1	1
1	147	safe	405	0	220	223	mixed	0	0	0	816	0	0
1	148	safe	787	61	0	172	loss	0	-61	0	816	0	-1
1	149	safe	742	124	0	263	loss	0	-124	-1	1037	0	-1
1	150	risky	786	103	280	0	gain	0	280	-1	1037	1	1
2	1	risky	923	64	113	0	gain	0	113	1	4009	1	1
2	2	safe	854	44	0	75	loss	0	-44	1	4009	0	-1
2	3	safe	1204	0	220	440	mixed	0	0	1	4009	0	0
2	4	risky	207	104	416	0	gain	0	416	1	2004	1	1
2	5	safe	328	124	340	0	gain	0	124	1	2004	0	1
2	6	risky	521	0	298	87	mixed	0	298	2	1635	1	0
2	7	safe	488	83	136	0	gain	0	83	2	1635	0	1
2	8	safe	49	64	145	0	gain	0	64	2	1635	0	1
2	9	safe	420	42	0	91	loss	0	-42	3	1663	0	-1
2	10	risky	668	0	223	149	mixed	0	223	3	1663	1	0
2	11	safe	124	0	223	216	mixed	0	0	3	1663	0	0
2	12	safe	304	0	224	183	mixed	0	0	4	2299	0	0
2	13	safe	64	0	220	332	mixed	0	0	4	2299	0	0
2	14	safe	551	0	102	41	mixed	0	0	4	2299	0	0
2	15	risky	253	0	161	128	mixed	0	-128	3	1977	1	0
2	16	safe	717	82	0	143	loss	0	-82	3	1977	0	-1
2	17	risky	263	82	397	0	gain	0	0	3	1977	1	1
2	18	safe	35	0	97	199	mixed	0	0	2	1359	0	0
2	19	safe	251	124	297	0	gain	0	124	2	1359	0	1
2	20	safe	339	119	0	244	loss	0	-119	3	1376	0	-1
2	21	safe	252	100	0	503	loss	0	-100	3	1376	0	-1
2	22	safe	305	79	253	0	gain	0	79	3	1376	0	1
2	23	safe	50	57	0	296	loss	0	-57	2	1831	0	-1
2	24	risky	734	77	201	0	gain	0	0	2	1831	1	1
2	25	safe	496	122	0	505	loss	0	-122	1	1231	0	-1
2	26	safe	484	98	0	224	loss	0	-98	1	1231	0	-1
2	27	risky	813	0	303	364	mixed	0	-364	1	1231	1	0
2	28	safe	447	0	161	194	mixed	0	0	-1	923	0	0
2	29	safe	297	98	182	0	gain	0	98	-1	923	0	1
2	30	safe	438	101	318	0	gain	0	101	-1	923	0	1
2	31	risky	357	62	96	0	gain	0	0	0	1046	1	1
2	32	safe	369	0	57	124	mixed	0	0	0	1046	0	0
2	33	risky	357	117	205	0	gain	0	205	0	585	1	1
2	34	safe	548	0	62	73	mixed	0	0	0	585	0	0
2	35	safe	354	44	64	0	gain	0	44	1	800	0	1
2	36	safe	955	0	156	51	mixed	0	0	1	800	0	0
2	37	safe	752	116	0	215	loss	0	-116	0	693	0	-1
2	38	safe	323	40	0	67	loss	0	-40	0	693	0	-1
2	39	safe	286	79	161	0	gain	0	79	1	1575	0	1
2	40	safe	563	0	60	92	mixed	0	0	1	1575	0	0
2	41	safe	380	0	301	118	mixed	0	0	1	1575	0	0
2	42	safe	374	56	0	147	loss	0	-56	1	1684	0	-1
2	43	safe	309	99	203	0	gain	0	99	1	1684	0	1
2	44	safe	518	103	362	0	gain	0	103	2	947	0	1
2	45	safe	255	0	96	51	mixed	0	0	2	947	0	0
2	46	safe	305	0	63	64	mixed	0	0	2	947	0	0
2	47	safe	1508	61	0	193	loss	0	-61	2	1786	0	-1
2	48	safe	241	123	500	0	gain	0	123	2	1786	0	1
2	49	safe	131	0	102	64	mixed	0	0	2	6084	0	0
2	50	safe	219	103	0	417	loss	0	-103	2	6084	0	-1
2	51	safe	502	0	219	48	mixed	0	0	2	6084	0	0
2	52	safe	326	0	57	18	mixed	0	0	2	1639	0	0
2	53	safe	292	59	0	117	loss	0	-59	2	1639	0	-1
2	54	safe	684	76	333	0	gain	0	76	-1	5341	0	1
2	55	safe	3649	117	218	0	gain	0	117	-1	5341	0	1
2	56	safe	792	98	0	167	loss	0	-98	1	1275	0	-1
2	57	safe	296	0	223	67	mixed	0	0	1	1275	0	0
2	58	risky	323	121	0	380	loss	0	-380	1	1275	1	-1
2	59	safe	667	40	0	123	loss	0	-40	-2	2709	0	-1
2	60	safe	2437	40	78	0	gain	0	40	-2	2709	0	1
2	61	safe	338	98	0	199	loss	0	-98	-2	2709	0	-1
2	62	safe	264	100	0	282	loss	0	-100	1	2729	0	-1
2	63	safe	181	0	162	320	mixed	0	0	1	2729	0	0
2	64	safe	321	0	300	156	mixed	0	0	1	2728	0	0
2	65	safe	1519	0	299	194	mixed	0	0	1	2728	0	0
2	66	safe	452	100	0	312	loss	0	-100	1	2728	0	-1
2	67	safe	215	57	304	0	gain	0	57	2	3944	0	1
2	68	safe	224	122	0	262	loss	0	-122	2	3944	0	-1
2	69	safe	911	43	108	0	gain	0	43	1	8538	0	1
2	70	safe	263	99	276	0	gain	0	99	1	8538	0	1
2	71	safe	140	0	220	261	mixed	0	0	1	1240	0	0
2	72	safe	290	81	0	251	loss	0	-81	1	1240	0	-1
2	73	safe	262	98	496	0	gain	0	98	0	536	0	1
2	74	safe	452	0	299	304	mixed	0	0	0	536	0	0
2	75	safe	3302	61	0	250	loss	0	-61	0	536	0	-1
2	76	safe	281	40	0	199	loss	0	-40	-5	2275	0	-1
2	77	safe	413	121	0	435	loss	0	-121	-5	2275	0	-1
2	78	safe	5118	39	127	0	gain	0	39	-5	2275	0	1
2	79	safe	95	123	236	0	gain	0	123	-2	2182	0	1
2	80	safe	274	39	0	167	loss	0	-39	-2	2182	0	-1
2	81	safe	616	62	213	0	gain	0	62	-2	2182	0	1
2	82	safe	4258	37	0	111	loss	0	-37	3	4483	0	-1
2	83	safe	273	118	431	0	gain	0	118	3	4483	0	1
2	84	safe	5294	0	100	104	mixed	0	0	3	4483	0	0
2	85	safe	264	0	161	67	mixed	0	0	1	5178	0	0
2	86	safe	344	121	381	0	gain	0	121	1	5178	0	1
2	87	safe	311	0	158	34	mixed	0	0	-4	970	0	0
2	88	safe	263	78	0	179	loss	1	-78	-4	970	0	-1
2	89	safe	298	84	284	0	gain	0	84	-3	949	0	1
2	90	risky	39	61	0	165	loss	0	-165	-3	949	1	-1
2	91	safe	4045	43	95	0	gain	0	43	-3	949	0	1
2	92	safe	269	0	163	79	mixed	0	0	-3	885	0	0
2	93	safe	41	44	72	0	gain	0	44	-3	885	0	1
2	94	safe	3629	62	189	0	gain	0	62	-3	885	0	1
2	95	safe	924	0	103	148	mixed	0	0	-4	1299	0	0
2	96	safe	268	81	0	404	loss	0	-81	-4	1299	0	-1
2	97	safe	348	0	98	86	mixed	0	0	0	1213	0	0
2	98	safe	286	37	148	0	gain	0	37	0	1213	0	1
2	99	safe	282	0	156	104	mixed	0	0	0	1213	0	0
2	100	safe	1223	38	0	140	loss	0	-38	-2	2135	0	-1
2	101	safe	322	118	0	600	loss	0	-118	-2	2135	0	-1
2	102	safe	425	0	58	42	mixed	0	0	-2	2135	0	0
2	103	safe	288	0	96	27	mixed	0	0	-4	1296	0	0
2	104	safe	267	0	100	20	mixed	0	0	-4	1296	0	0
2	105	risky	957	121	0	295	loss	0	0	-4	1296	1	-1
2	106	safe	451	0	96	121	mixed	0	0	0	1416	0	0
2	107	safe	188	0	61	24	mixed	0	0	0	1416	0	0
2	108	risky	1784	37	0	81	loss	0	-81	0	1416	1	-1
2	109	safe	327	0	296	454	mixed	0	0	-1	1369	0	0
2	110	safe	278	38	0	95	loss	0	-38	-1	1369	0	-1
2	111	safe	406	104	0	182	loss	0	-104	-1	774	0	-1
2	112	safe	757	56	137	0	gain	0	56	-1	774	0	1
2	113	safe	295	0	299	249	mixed	0	0	-1	774	0	0
2	114	safe	2575	80	224	0	gain	0	80	-1	596	0	1
2	115	safe	499	83	0	340	loss	0	-83	-1	596	0	-1
2	116	safe	261	60	250	0	gain	0	60	-1	596	0	1
2	117	safe	174	60	0	112	loss	0	-60	1	1222	0	-1
2	118	safe	224	44	197	0	gain	0	44	1	1222	0	1
2	119	safe	272	83	0	227	loss	0	-83	-1	505	0	-1
2	120	safe	267	0	299	57	mixed	0	0	-1	505	0	0
2	121	safe	341	56	116	0	gain	0	56	-1	505	0	1
2	122	safe	155	119	0	204	loss	0	-119	1	1054	0	-1
2	123	safe	480	41	86	0	gain	0	41	1	1054	0	1
2	124	safe	271	39	168	0	gain	0	39	1	1054	0	1
2	125	safe	250	117	263	0	gain	0	117	-5	993	0	1
2	126	safe	334	0	223	88	mixed	0	0	-5	993	0	0
2	127	safe	308	63	171	0	gain	0	63	-4	1144	0	1
2	128	safe	260	0	220	112	mixed	0	0	-4	1144	0	0
2	129	safe	245	98	219	0	gain	0	98	-4	1023	0	1
2	130	safe	322	103	169	0	gain	0	103	-4	1023	0	1
2	131	safe	314	83	0	290	loss	0	-83	-4	1023	0	-1
2	132	safe	265	0	62	46	mixed	0	0	-5	1193	0	0
2	133	safe	454	117	0	337	loss	0	-117	-5	1193	0	-1
2	134	safe	1290	82	146	0	gain	0	82	0	268	0	1
2	135	safe	9	59	0	135	loss	0	-59	0	268	0	-1
2	136	safe	233	83	174	0	gain	0	83	-2	779	0	1
2	137	safe	314	57	0	98	loss	0	-57	-2	779	0	-1
2	138	safe	267	99	0	249	loss	0	-99	-2	779	0	-1
2	139	safe	245	104	252	0	gain	0	104	-3	870	0	1
2	140	safe	79	58	0	215	loss	0	-58	-3	870	0	-1
2	141	safe	280	76	0	158	loss	0	-76	-3	809	0	-1
2	142	safe	255	0	164	157	mixed	0	0	-3	809	0	0
2	143	safe	550	77	0	196	loss	0	-77	-3	969	0	-1
2	144	safe	77	79	0	135	loss	0	-79	-3	969	0	-1
2	145	safe	265	0	303	604	mixed	0	0	-2	1203	0	0
2	146	safe	292	0	156	244	mixed	0	0	-2	1203	0	0
2	147	safe	300	100	0	364	loss	0	-100	-5	2008	0	-1
2	148	safe	369	0	64	12	mixed	0	0	-5	2008	0	0
2	149	risky	300	0	62	27	mixed	0	-27	-3	967	1	0
2	150	safe	125	123	603	0	gain	0	123	-3	967	0	1
3	1	risky	1331	0	161	80	mixed	0	-80	0	2245	1	0
3	2	risky	791	39	69	0	gain	0	0	0	2245	1	1
3	3	risky	774	120	266	0	gain	0	0	-1	3256	1	1
3	4	risky	818	63	169	0	gain	0	0	-1	3256	1	1
3	5	safe	1108	0	304	89	mixed	0	0	-2	2171	0	0
3	6	safe	1853	0	303	356	mixed	0	0	-2	2171	0	0
3	7	safe	672	38	103	0	gain	0	38	-2	2171	0	1
3	8	risky	1258	124	222	0	gain	0	0	1	1230	1	1
3	9	safe	1401	0	61	30	mixed	0	0	1	1230	0	0
3	10	risky	2620	116	0	222	loss	0	-222	1	1230	1	-1
3	11	risky	4004	76	0	292	loss	0	0	0	2470	1	-1
3	12	safe	2848	96	0	245	loss	0	-96	0	2470	0	-1
3	13	safe	496	116	198	0	gain	0	116	0	1497	0	1
3	14	risky	3183	103	0	496	loss	0	0	0	1497	1	-1
3	15	safe	1640	123	0	300	loss	0	-123	0	1497	0	-1
3	16	risky	2010	36	201	0	gain	0	0	1	966	1	1
3	17	safe	1860	79	159	0	gain	0	79	1	966	0	1
3	18	safe	731	41	170	0	gain	0	41	1	966	0	1
3	19	safe	3531	118	0	338	loss	0	-118	2	1359	0	-1
3	20	safe	1121	0	158	68	mixed	0	0	2	1359	0	0
3	21	risky	642	62	0	101	loss	0	-101	2	1359	1	-1
3	22	safe	892	64	0	130	loss	0	-64	2	1610	0	-1
3	23	safe	2057	102	315	0	gain	0	102	2	1610	0	1
3	24	safe	369	96	172	0	gain	0	96	2	2510	0	1
3	25	safe	675	37	0	113	loss	0	-37	2	2510	0	-1
3	26	risky	1180	0	102	17	mixed	0	-17	2	2510	1	0
3	27	safe	484	0	99	62	mixed	0	0	2	1207	0	0
3	28	safe	1374	36	0	143	loss	0	-36	2	1207	0	-1
3	29	safe	243	42	0	167	loss	0	-42	2	1207	0	-1
3	30	risky	5007	0	102	55	mixed	0	102	1	1043	1	0
3	31	safe	382	43	0	197	loss	0	-43	1	1043	0	-1
3	32	safe	1432	118	501	0	gain	0	118	1	1043	0	1
3	33	safe	3694	60	0	149	loss	0	-60	2	1278	0	-1
3	34	risky	930	0	160	102	mixed	0	-102	2	1278	1	0
3	35	safe	2289	81	221	0	gain	0	81	1	1652	0	1
3	36	safe	1958	61	218	0	gain	0	61	1	1652	0	1
3	37	safe	2900	0	58	88	mixed	0	0	2	3032	0	0
3	38	safe	772	122	0	506	loss	0	-122	2	3032	0	-1
3	39	safe	560	0	223	224	mixed	0	0	2	938	0	0
3	40	safe	691	0	300	602	mixed	0	0	2	938	0	0
3	41	safe	843	77	142	0	gain	0	77	2	938	0	1
3	42	risky	2174	0	300	243	mixed	0	300	2	1234	1	0
3	43	safe	2380	44	110	0	gain	0	44	2	1234	0	1
3	44	safe	887	83	253	0	gain	0	83	2	931	0	1
3	45	safe	329	119	433	0	gain	0	119	2	931	0	1
3	46	safe	2179	0	297	157	mixed	0	0	2	931	0	0
3	47	risky	2493	59	111	0	gain	0	0	3	1445	1	1
3	48	safe	250	0	221	443	mixed	0	0	3	1445	0	0
3	49	safe	909	37	0	85	loss	0	-37	3	1445	0	-1
3	50	risky	2574	57	0	117	loss	0	-117	2	1088	1	-1
3	51	risky	2379	0	102	34	mixed	0	-34	2	1088	1	0
3	52	risky	902	0	156	29	mixed	0	156	1	839	1	0
3	53	safe	2553	63	0	166	loss	0	-63	1	839	0	-1
3	54	risky	2147	100	0	178	loss	0	-178	1	839	1	-1
3	55	safe	816	84	0	141	loss	0	-84	0	1472	0	-1
3	56	safe	557	0	99	198	mixed	0	0	0	1472	0	0
3	57	safe	703	120	0	244	loss	0	-120	0	1472	0	-1
3	58	safe	404	78	0	401	loss	0	-78	0	1263	0	-1
3	59	safe	2504	0	220	111	mixed	0	0	0	1263	0	0
3	60	safe	2346	116	298	0	gain	0	116	-1	2409	0	1
3	61	safe	2756	63	249	0	gain	0	63	-1	2409	0	1
3	62	safe	1211	0	220	178	mixed	0	0	-1	2409	0	0
3	63	safe	1053	0	304	297	mixed	0	0	1	852	0	0
3	64	risky	1740	116	0	201	loss	0	0	1	852	1	-1
3	65	safe	1039	83	338	0	gain	0	83	2	1081	0	1
3	66	safe	522	82	0	197	loss	0	-82	2	1081	0	-1
3	67	safe	1987	38	123	0	gain	0	38	2	1081	0	1
3	68	safe	475	61	0	108	loss	0	-61	2	1125	0	-1
3	69	safe	198	43	0	128	loss	0	-43	2	1125	0	-1
3	70	safe	4435	0	104	97	mixed	0	0	1	876	0	0
3	71	safe	477	122	0	429	loss	0	-122	1	876	0	-1
3	72	safe	2442	0	157	188	mixed	0	0	1	876	0	0
3	73	risky	2927	38	91	0	gain	0	0	1	8932	1	1
3	74	safe	641	41	0	68	loss	0	-41	1	8932	0	-1
3	75	safe	7035	0	101	150	mixed	0	0	2	1656	0	0
3	76	risky	4390	104	0	165	loss	0	0	2	1656	1	-1
3	77	risky	3113	0	57	9	mixed	0	-9	3	1419	1	0
3	78	risky	839	0	223	45	mixed	0	-45	3	1419	1	0
3	79	safe	576	62	134	0	gain	0	62	3	1419	0	1
3	80	safe	774	100	0	422	loss	0	-100	3	1130	0	-1
3	81	safe	1030	57	0	190	loss	0	-57	3	1130	0	-1
3	82	safe	713	0	58	76	mixed	0	0	2	2386	0	0
3	83	safe	1322	0	62	63	mixed	0	0	2	2386	0	0
3	84	risky	2147	98	501	0	gain	0	501	3	1623	1	1
3	85	safe	1100	120	0	376	loss	0	-120	3	1623	0	-1
3	86	safe	417	79	0	336	loss	0	-79	3	1445	0	-1
3	87	safe	851	0	58	23	mixed	0	0	3	1445	0	0
3	88	safe	168	0	61	124	mixed	0	0	3	1445	0	0
3	89	safe	93	119	336	0	gain	0	119	3	1825	0	1
3	90	safe	993	0	156	158	mixed	0	0	3	1825	0	0
3	91	safe	299	101	178	0	gain	0	101	3	1825	0	1
3	92	safe	1636	0	304	123	mixed	0	0	4	5059	0	0
3	93	risky	3777	0	62	21	mixed	0	62	4	5059	1	0
3	94	safe	525	0	299	447	mixed	0	0	3	1872	0	0
3	95	safe	588	102	222	0	gain	0	102	3	1872	0	1
3	96	safe	551	0	217	87	mixed	0	0	2	1089	0	0
3	97	safe	630	42	68	0	gain	0	42	2	1089	0	1
3	98	risky	1675	0	96	120	mixed	0	-120	3	1358	1	0
3	99	safe	133	83	0	137	loss	0	-83	3	1358	0	-1
3	100	safe	210	118	598	0	gain	0	118	3	1358	0	1
3	101	safe	355	100	0	219	loss	0	-100	3	1032	0	-1
3	102	safe	656	63	100	0	gain	0	63	3	1032	0	1
3	103	safe	210	0	164	324	mixed	0	0	3	1032	0	0
3	104	safe	4184	83	0	174	loss	0	-83	2	4160	0	-1
3	105	risky	1178	56	297	0	gain	0	297	2	4160	1	1
3	106	risky	2517	36	143	0	gain	0	143	3	2632	1	1
3	107	safe	1485	101	283	0	gain	0	101	3	2632	0	1
3	108	safe	388	41	0	66	loss	0	-41	3	2632	0	-1
3	109	safe	1077	0	303	197	mixed	0	0	3	3534	0	0
3	110	safe	330	41	0	98	loss	0	-41	3	3534	0	-1
3	111	risky	975	59	191	0	gain	0	0	2	956	1	1
3	112	risky	568	56	120	0	gain	0	0	2	956	1	1
3	113	safe	397	58	0	248	loss	0	-58	2	956	0	-1
3	114	risky	645	0	304	59	mixed	0	304	1	804	1	0
3	115	safe	940	0	99	38	mixed	0	0	1	804	0	0
3	116	risky	2733	102	0	281	loss	0	-281	2	1208	1	-1
3	117	safe	1662	104	0	357	loss	0	-104	2	1208	0	-1
3	118	risky	2275	83	197	0	gain	0	197	2	1208	1	1
3	119	safe	846	0	58	38	mixed	0	0	2	1291	0	0
3	120	risky	1609	81	179	0	gain	0	179	2	1291	1	1
3	121	safe	163	103	0	316	loss	0	-103	2	1291	0	-1
3	122	risky	787	98	416	0	gain	0	416	3	1814	1	1
3	123	safe	237	102	0	202	loss	0	-102	3	1814	0	-1
3	124	safe	1772	0	161	131	mixed	0	0	3	1104	0	0
3	125	safe	303	102	248	0	gain	0	102	3	1104	0	1
3	126	safe	654	124	0	600	loss	0	-124	3	1195	0	-1
3	127	safe	842	81	0	156	loss	0	-81	3	1195	0	-1
3	128	risky	1931	0	217	70	mixed	0	217	3	2163	1	0
3	129	safe	450	0	57	52	mixed	0	0	3	2163	0	0
3	130	risky	1135	0	159	50	mixed	0	-50	3	2163	1	0
3	131	risky	522	79	396	0	gain	0	396	2	1997	1	1
3	132	safe	678	42	78	0	gain	0	42	2	1997	0	1
3	133	safe	296	0	158	236	mixed	0	0	2	1997	0	0
3	134	risky	560	98	364	0	gain	0	364	2	1955	1	1
3	135	safe	617	118	236	0	gain	0	118	2	1955	0	1
3	136	safe	618	81	0	227	loss	0	-81	2	1955	0	-1
3	137	safe	1294	0	219	327	mixed	0	0	2	1935	0	0
3	138	safe	407	61	0	304	loss	0	-61	2	1935	0	-1
3	139	safe	2348	120	378	0	gain	0	120	2	1630	0	1
3	140	safe	527	76	284	0	gain	0	76	2	1630	0	1
3	141	safe	1267	76	137	0	gain	0	76	2	1588	0	1
3	142	safe	19	36	0	83	loss	0	-36	2	1588	0	-1
3	143	safe	168	82	0	256	loss	0	-82	2	1588	0	-1
3	144	safe	540	0	99	79	mixed	0	0	3	1509	0	0
3	145	safe	601	59	149	0	gain	0	59	3	1509	0	1
3	146	safe	27	0	216	266	mixed	0	0	3	1509	0	0
3	147	safe	863	61	0	217	loss	0	-61	2	1697	0	-1
3	148	safe	326	0	218	146	mixed	0	0	2	1697	0	0
3	149	risky	2092	101	196	0	gain	0	0	2	1563	1	1
3	150	safe	451	124	0	265	loss	1	-124	2	1563	0	-1
4	1	risky	1858	103	0	200	loss	0	0	0	750	1	-1
4	2	risky	579	101	498	0	gain	0	498	0	750	1	1
4	3	safe	898	0	100	103	mixed	0	0	0	750	0	0
4	4	safe	903	99	0	363	loss	0	-99	2	3404	0	-1
4	5	risky	444	57	300	0	gain	0	300	2	3404	1	1
4	6	risky	207	79	337	0	gain	0	0	2	2347	1	1
4	7	safe	584	36	0	82	loss	0	-36	2	2347	0	-1
4	8	risky	261	42	99	0	gain	0	0	0	1647	1	1
4	9	risky	77	0	220	326	mixed	0	-326	0	1647	1	0
4	10	safe	1259	122	0	435	loss	0	-122	0	1647	0	-1
4	11	safe	848	77	0	143	loss	0	-77	-2	1605	0	-1
4	12	risky	93	0	303	599	mixed	0	-599	-2	1605	1	0
4	13	safe	460	38	0	128	loss	0	-38	-2	911	0	-1
4	14	risky	21	0	299	244	mixed	0	-244	-2	911	1	0
4	15	risky	865	116	0	500	loss	0	-500	-2	911	1	-1
4	16	risky	253	120	265	0	gain	0	0	0	1210	1	1
4	17	risky	837	39	87	0	gain	0	87	0	1210	1	1
4	18	risky	1292	56	0	215	loss	0	-215	0	1210	1	-1
4	19	risky	904	124	0	198	loss	0	0	-3	1807	1	-1
4	20	risky	769	124	0	294	loss	0	0	-3	1807	1	-1
4	21	risky	1280	116	0	376	loss	0	0	0	606	1	-1
4	22	risky	1474	64	0	102	loss	0	-102	0	606	1	-1
4	23	risky	91	0	161	49	mixed	0	161	0	3006	1	0
4	24	risky	558	119	430	0	gain	0	0	0	3006	1	1
4	25	risky	393	122	377	0	gain	0	377	0	554	1	1
4	26	risky	426	96	169	0	gain	0	169	0	554	1	1
4	27	risky	171	98	247	0	gain	0	0	0	554	1	1
4	28	risky	890	62	99	0	gain	0	99	1	1038	1	1
4	29	risky	611	82	227	0	gain	0	0	1	1038	1	1
4	30	risky	464	0	222	178	mixed	0	222	1	1038	1	0
4	31	risky	1210	0	103	16	mixed	0	103	1	1159	1	0
4	32	risky	41	0	300	124	mixed	0	300	1	1159	1	0
4	33	risky	474	0	300	300	mixed	0	-300	1	1159	1	0
4	34	safe	438	0	63	58	mixed	0	0	-1	617	0	0
4	35	risky	437	64	0	252	loss	0	0	-1	617	1	-1
4	36	risky	507	0	222	260	mixed	0	-260	0	315	1	0
4	37	risky	1028	63	0	121	loss	0	0	0	315	1	-1
4	38	risky	420	77	195	0	gain	0	0	0	315	1	1
4	39	risky	944	0	61	71	mixed	0	61	0	1350	1	0
4	40	risky	623	39	0	90	loss	0	0	0	1350	1	-1
4	41	risky	320	79	400	0	gain	0	400	0	469	1	1
4	42	risky	477	63	187	0	gain	0	187	0	469	1	1
4	43	risky	605	96	182	0	gain	0	182	0	469	1	1
4	44	risky	1141	96	0	277	loss	0	-277	2	1110	1	-1
4	45	risky	452	120	240	0	gain	0	240	2	1110	1	1
4	46	risky	694	0	60	17	mixed	0	-17	2	1110	1	0
4	47	risky	861	44	0	68	loss	0	0	0	815	1	-1
4	48	risky	52	0	156	30	mixed	0	156	0	815	1	0
4	49	risky	429	0	157	133	mixed	0	-133	0	815	1	0
4	50	risky	579	0	61	15	mixed	0	61	0	1373	1	0
4	51	risky	533	120	508	0	gain	0	508	0	1373	1	1
4	52	risky	112	101	277	0	gain	0	277	0	1373	1	1
4	53	risky	642	123	596	0	gain	0	0	2	907	1	1
4	54	safe	707	0	164	237	mixed	0	0	2	907	0	0
4	55	risky	1610	0	98	80	mixed	0	98	0	497	1	0
4	56	safe	1042	63	0	152	loss	0	-63	0	497	0	-1
4	57	safe	1029	79	0	201	loss	0	-79	0	497	0	-1
4	58	risky	385	0	162	82	mixed	0	-82	0	424	1	0
4	59	risky	399	38	201	0	gain	0	201	0	424	1	1
4	60	risky	549	0	301	358	mixed	0	301	0	976	1	0
4	61	risky	453	79	251	0	gain	0	251	0	976	1	1
4	62	risky	662	56	111	0	gain	0	111	2	894	1	1
4	63	risky	613	103	360	0	gain	0	0	2	894	1	1
4	64	safe	891	36	0	172	loss	0	-36	2	894	0	-1
4	65	risky	1229	76	0	179	loss	0	-179	0	1002	1	-1
4	66	safe	1915	0	98	149	mixed	0	0	0	1002	0	0
4	67	risky	928	123	0	243	loss	0	0	0	1002	1	-1
4	68	risky	883	0	159	158	mixed	0	159	1	571	1	0
4	69	risky	411	37	127	0	gain	0	0	1	571	1	1
4	70	risky	1488	83	0	249	loss	0	0	0	1771	1	-1
4	71	safe	436	37	0	203	loss	0	-37	0	1771	0	-1
4	72	risky	630	0	156	106	mixed	0	-106	0	1771	1	0
4	73	risky	497	0	223	144	mixed	0	-144	0	593	1	0
4	74	risky	477	0	221	117	mixed	0	221	0	593	1	0
4	75	risky	447	81	173	0	gain	0	0	0	593	1	1
4	76	risky	491	124	299	0	gain	0	0	0	448	1	1
4	77	risky	3490	0	101	67	mixed	0	-67	0	448	1	0
4	78	risky	603	0	57	34	mixed	0	-34	0	808	1	0
4	79	risky	1740	96	0	245	loss	0	-245	0	808	1	-1
4	80	risky	60	0	62	117	mixed	0	62	-1	2861	1	0
4	81	risky	503	60	213	0	gain	1	0	-1	2861	1	1
4	82	risky	184	41	108	0	gain	0	0	-1	1771	1	1
4	83	safe	1134	57	0	105	loss	0	-57	-1	1771	0	-1
4	84	risky	1143	39	0	74	loss	0	-74	-1	1771	1	-1
4	85	safe	776	84	0	333	loss	0	-84	-2	650	0	-1
4	86	risky	441	57	256	0	gain	0	0	-2	650	1	1
4	87	risky	2638	77	131	0	gain	0	0	-2	2262	1	1
4	88	risky	376	0	104	56	mixed	0	-56	-2	2262	1	0
4	89	risky	1022	97	0	315	loss	0	-315	-3	827	1	-1
4	90	safe	261	99	0	219	loss	0	-99	-3	827	0	-1
4	91	risky	847	98	0	184	loss	0	0	-2	938	1	-1
4	92	risky	1344	57	133	0	gain	0	133	-2	938	1	1
4	93	risky	409	0	101	42	mixed	0	-42	-2	938	1	0
4	94	risky	425	82	156	0	gain	0	0	0	1091	1	1
4	95	risky	499	0	222	441	mixed	0	222	0	1091	1	0
4	96	safe	951	76	147	0	gain	0	76	0	1091	0	1
4	97	risky	82	0	300	92	mixed	0	300	1	1894	1	0
4	98	risky	460	58	149	0	gain	0	0	1	1894	1	1
4	99	safe	91	0	104	197	mixed	0	0	1	1894	0	0
4	100	risky	876	56	165	0	gain	0	0	-1	1129	1	1
4	101	risky	1097	43	168	0	gain	0	168	-1	1129	1	1
4	102	safe	860	58	0	186	loss	0	-58	1	1686	0	-1
4	103	safe	1226	81	0	286	loss	0	-81	1	1686	0	-1
4	104	risky	1043	0	63	41	mixed	0	-41	0	1775	1	0
4	105	risky	543	0	218	45	mixed	0	218	0	1775	1	0
4	106	risky	414	0	217	65	mixed	0	-65	0	1205	1	0
4	107	risky	408	42	67	0	gain	0	0	0	1205	1	1
4	108	safe	412	63	0	171	loss	0	-63	0	1205	0	-1
4	109	risky	428	0	163	191	mixed	0	163	-1	742	1	0
4	110	risky	528	0	302	160	mixed	0	302	-1	742	1	0
4	111	risky	368	103	197	0	gain	0	197	-1	742	1	1
4	112	safe	565	117	0	601	loss	0	-117	3	912	0	-1
4	113	risky	435	0	163	66	mixed	0	-66	3	912	1	0
4	114	risky	1003	0	299	59	mixed	0	-59	-1	695	1	0
4	115	risky	595	99	423	0	gain	0	423	-1	695	1	1
4	116	risky	324	0	221	88	mixed	0	221	1	1538	1	0
4	117	risky	1551	123	0	264	loss	0	0	1	1538	1	-1
4	118	safe	1445	43	0	98	loss	0	-43	2	661	0	-1
4	119	risky	364	102	226	0	gain	0	226	2	661	1	1
4	120	risky	1307	80	0	134	loss	0	-134	1	1858	1	-1
4	121	risky	394	0	302	447	mixed	0	-447	1	1858	1	0
4	122	risky	519	0	299	196	mixed	0	299	-2	1036	1	0
4	123	risky	1050	0	57	26	mixed	0	57	-2	1036	1	0
4	124	safe	624	80	0	221	loss	0	-80	-2	1036	0	-1
4	125	risky	720	118	220	0	gain	0	0	0	725	1	1
4	126	risky	449	118	340	0	gain	0	340	0	725	1	1
4	127	safe	669	0	96	121	mixed	0	0	0	725	0	0
4	128	safe	337	37	0	116	loss	0	-37	0	490	0	-1
4	129	risky	1343	0	60	86	mixed	0	60	0	490	1	0
4	130	safe	484	80	0	397	loss	0	-80	0	533	0	-1
4	131	risky	335	0	217	224	mixed	0	-224	0	533	1	0
4	132	safe	368	56	0	302	loss	0	-56	0	327	0	-1
4	133	safe	331	77	0	160	loss	0	-77	0	327	0	-1
4	134	risky	24	43	84	0	gain	0	84	0	327	1	1
4	135	safe	389	97	0	422	loss	0	-97	0	327	0	-1
4	136	safe	781	60	0	131	loss	0	-60	0	327	0	-1
4	137	safe	250	121	0	220	loss	0	-121	0	327	0	-1
4	138	risky	353	58	122	0	gain	0	0	0	480	1	1
4	139	risky	447	99	0	170	loss	0	-170	0	480	1	-1
4	140	risky	266	123	198	0	gain	0	0	0	480	1	1
4	141	safe	643	38	0	145	loss	0	-38	0	527	0	-1
4	142	risky	321	79	289	0	gain	0	0	0	527	1	1
4	143	risky	370	40	75	0	gain	0	0	0	527	1	1
4	144	risky	347	0	62	53	mixed	0	62	-2	2527	1	0
4	145	risky	468	103	313	0	gain	0	0	-2	2527	1	1
4	146	risky	743	0	162	323	mixed	0	-323	0	1309	1	0
4	147	risky	2941	40	141	0	gain	0	141	0	1309	1	1
4	148	risky	1030	0	103	27	mixed	0	103	0	446	1	0
4	149	safe	611	99	0	503	loss	0	-99	0	446	0	-1
4	150	safe	1960	122	0	334	loss	0	-122	0	446	0	-1
5	1	risky	1413	103	0	501	loss	0	0	0	2372	1	-1
5	2	safe	288	41	0	85	loss	0	-41	0	2372	0	-1
5	3	safe	915	79	0	291	loss	0	-79	0	2372	0	-1
5	4	risky	990	80	145	0	gain	0	145	0	1917	1	1
5	5	risky	704	0	221	224	mixed	0	-224	0	1917	1	0
5	6	risky	141	0	303	596	mixed	0	-596	-1	1218	1	0
5	7	risky	434	0	157	44	mixed	0	-44	-1	1218	1	0
5	8	safe	734	36	86	0	gain	0	36	-1	1218	0	1
5	9	risky	750	84	0	141	loss	0	0	-1	1715	1	-1
5	10	safe	844	63	169	0	gain	0	63	-1	1715	0	1
5	11	risky	435	0	220	149	mixed	0	220	-1	1715	1	0
5	12	risky	640	0	303	200	mixed	0	-200	1	1348	1	0
5	13	risky	1055	0	161	31	mixed	0	161	1	1348	1	0
5	14	risky	539	84	226	0	gain	0	0	1	1814	1	1
5	15	risky	149	0	100	48	mixed	0	-48	1	1814	1	0
5	16	safe	772	0	158	159	mixed	0	0	1	1814	0	0
5	17	risky	890	123	0	238	loss	0	0	0	1531	1	-1
5	18	risky	636	0	301	244	mixed	0	301	0	1531	1	0
5	19	risky	1118	0	164	190	mixed	0	164	0	1531	1	0
5	20	risky	220	0	104	41	mixed	0	104	2	1240	1	0
5	21	safe	849	0	63	70	mixed	0	0	2	1240	0	0
5	22	risky	885	60	0	171	loss	0	0	1	1120	1	-1
5	23	risky	222	38	200	0	gain	0	0	1	1120	1	1
5	24	risky	590	0	220	41	mixed	0	-41	1	1120	1	0
5	25	risky	816	76	177	0	gain	0	0	0	2236	1	1
5	26	safe	579	0	223	182	mixed	0	0	0	2236	0	0
5	27	risky	656	84	287	0	gain	0	287	0	1454	1	1
5	28	safe	864	97	0	361	loss	0	-97	0	1454	0	-1
5	29	risky	970	37	0	76	loss	0	0	-1	1625	1	-1
5	30	risky	1232	123	0	221	loss	0	0	-1	1625	1	-1
5	31	safe	821	38	0	164	loss	0	-38	3	1293	0	-1
5	32	safe	938	39	0	203	loss	0	-39	3	1293	0	-1
5	33	safe	789	123	0	503	loss	0	-123	3	1293	0	-1
5	34	risky	931	0	60	88	mixed	0	60	-1	1131	1	0
5	35	risky	430	60	118	0	gain	0	0	-1	1131	1	1
5	36	safe	1011	116	0	340	loss	0	-116	-1	1131	0	-1
5	37	safe	895	79	0	173	loss	0	-79	1	1222	0	-1
5	38	risky	1029	101	0	314	loss	0	-314	1	1222	1	-1
5	39	risky	790	0	224	110	mixed	0	224	1	1222	1	0
5	40	risky	1217	60	0	120	loss	0	-120	-1	1166	1	-1
5	41	risky	676	0	218	261	mixed	0	218	-1	1166	1	0
5	42	risky	725	43	71	0	gain	0	71	-1	1166	1	1
5	43	safe	839	98	0	284	loss	0	-98	2	1245	0	-1
5	44	risky	1430	58	0	187	loss	0	0	2	1245	1	-1
5	45	risky	786	98	423	0	gain	0	0	2	1245	1	1
5	46	safe	997	0	156	130	mixed	0	0	1	2042	0	0
5	47	risky	601	43	165	0	gain	0	0	1	2042	1	1
5	48	risky	18	59	215	0	gain	0	215	1	2042	1	1
5	49	risky	1843	120	0	301	loss	0	0	3	2216	1	-1
5	50	safe	976	0	63	42	mixed	0	0	3	2216	0	0
5	51	risky	742	42	116	0	gain	0	0	0	1216	1	1
5	52	safe	1086	39	0	112	loss	0	-39	0	1216	0	-1
5	53	risky	942	43	0	64	loss	0	-64	0	1216	1	-1
5	54	risky	1535	77	160	0	gain	0	160	-1	573	1	1
5	55	risky	1100	37	128	0	gain	0	128	-1	573	1	1
5	56	risky	1199	121	265	0	gain	0	265	3	1015	1	1
5	57	risky	800	123	205	0	gain	0	0	3	1015	1	1
5	58	safe	1077	0	162	322	mixed	0	0	1	1827	0	0
5	59	risky	705	116	335	0	gain	0	335	1	1827	1	1
5	60	risky	817	58	252	0	gain	0	252	1	1827	1	1
5	61	safe	1068	0	98	62	mixed	0	0	3	1060	0	0
5	62	safe	1034	117	0	428	loss	0	-117	3	1060	0	-1
5	63	risky	1105	0	103	151	mixed	0	-151	3	1060	1	0
5	64	risky	1023	124	293	0	gain	0	293	-2	707	1	1
5	65	safe	857	0	60	61	mixed	0	0	-2	707	0	0
5	66	safe	1198	0	300	298	mixed	0	0	0	1657	0	0
5	67	risky	917	100	497	0	gain	0	497	0	1657	1	1
5	68	safe	839	63	0	301	loss	0	-63	0	1657	0	-1
5	69	safe	1020	119	0	379	loss	0	-119	0	662	0	-1
5	70	risky	830	78	335	0	gain	0	335	0	662	1	1
5	71	risky	1145	0	164	83	mixed	0	164	1	1074	1	0
5	72	risky	946	0	102	23	mixed	0	-23	1	1074	1	0
5	73	risky	1198	60	0	129	loss	0	0	0	947	1	-1
5	74	risky	189	0	301	156	mixed	0	-156	0	947	1	0
5	75	risky	889	0	63	28	mixed	0	63	0	947	1	0
5	76	risky	607	83	138	0	gain	0	138	1	1973	1	1
5	77	safe	1003	99	0	222	loss	0	-99	1	1973	0	-1
5	78	risky	875	80	400	0	gain	0	0	1	1973	1	1
5	79	risky	1292	100	0	179	loss	0	0	1	2038	1	-1
5	80	safe	1613	80	0	164	loss	0	-80	1	2038	0	-1
5	81	risky	623	0	218	66	mixed	0	218	1	2038	1	0
5	82	safe	1006	57	0	110	loss	0	-57	1	543	0	-1
5	83	risky	849	116	428	0	gain	0	0	1	543	1	1
5	84	safe	1007	43	0	130	loss	0	-43	1	2127	0	-1
5	85	risky	1154	39	0	96	loss	0	0	1	2127	1	-1
5	86	risky	954	61	190	0	gain	0	0	1	2127	1	1
5	87	safe	832	96	0	244	loss	0	-96	1	720	0	-1
5	88	risky	688	59	148	0	gain	0	0	1	720	1	1
5	89	risky	835	44	143	0	gain	0	0	1	720	1	1
5	90	safe	686	0	57	118	mixed	0	0	-1	839	0	0
5	91	risky	600	96	170	0	gain	0	0	-1	839	1	1
5	92	risky	717	0	62	19	mixed	0	-19	0	1046	1	0
5	93	safe	885	0	158	240	mixed	0	0	0	1046	0	0
5	94	risky	840	40	68	0	gain	0	68	0	1046	1	1
5	95	risky	905	120	0	205	loss	0	0	1	1086	1	-1
5	96	risky	766	104	222	0	gain	0	0	1	1086	1	1
5	97	safe	763	60	0	249	loss	0	-60	1	1344	0	-1
5	98	safe	939	0	217	443	mixed	0	0	1	1344	0	0
5	99	risky	815	0	56	9	mixed	0	56	1	1344	1	0
5	100	safe	631	76	0	403	loss	0	-76	1	1411	0	-1
5	101	risky	756	0	102	199	mixed	0	102	1	1411	1	0
5	102	risky	1026	0	222	331	mixed	0	-331	1	1411	1	0
5	103	safe	1070	104	0	419	loss	0	-104	-2	1054	0	-1
5	104	risky	811	62	132	0	gain	0	132	-2	1054	1	1
5	105	risky	1091	64	303	0	gain	0	303	2	1088	1	1
5	106	risky	667	0	298	116	mixed	0	298	2	1088	1	0
5	107	safe	880	80	0	194	loss	0	-80	1	587	0	-1
5	108	safe	1294	0	97	81	mixed	0	0	1	587	0	0
5	109	risky	689	0	100	31	mixed	0	-31	-1	808	1	0
5	110	risky	820	57	104	0	gain	0	0	-1	808	1	1
5	111	safe	639	0	61	46	mixed	0	0	-2	961	0	0
5	112	risky	783	118	377	0	gain	0	0	-2	961	1	1
5	113	risky	816	101	358	0	gain	0	358	-1	862	1	1
5	114	risky	747	84	0	136	loss	0	-136	-1	862	1	-1
5	115	safe	954	76	0	253	loss	0	-76	-1	862	0	-1
5	116	risky	1464	122	242	0	gain	0	0	-3	1262	1	1
5	117	risky	845	82	194	0	gain	0	0	-3	1262	1	1
5	118	safe	907	58	0	214	loss	0	-58	-3	1262	0	-1
5	119	safe	973	96	0	164	loss	0	-96	-4	1169	0	-1
5	120	risky	801	122	503	0	gain	0	0	-4	1169	1	1
5	121	risky	839	0	157	64	mixed	0	157	-4	1169	1	0
5	122	safe	1103	36	0	141	loss	0	-36	0	1215	0	-1
5	123	risky	875	0	100	119	mixed	0	-119	0	1215	1	0
5	124	risky	873	41	98	0	gain	0	0	-1	796	1	1
5	125	risky	803	96	283	0	gain	0	0	-1	796	1	1
5	126	risky	734	103	250	0	gain	0	0	-1	796	1	1
5	127	safe	994	83	0	221	loss	0	-83	-1	576	0	-1
5	128	risky	574	80	251	0	gain	0	0	-1	576	1	1
5	129	risky	1024	40	0	79	loss	0	0	-2	929	1	-1
5	130	risky	582	97	314	0	gain	0	314	-2	929	1	1
5	131	risky	594	61	107	0	gain	0	107	-2	929	1	1
5	132	risky	688	100	198	0	gain	0	0	2	1097	1	1
5	133	safe	971	0	99	99	mixed	0	0	2	1097	0	0
5	134	risky	726	0	301	90	mixed	0	301	0	734	1	0
5	135	risky	1385	0	163	109	mixed	0	-109	0	734	1	0
5	136	risky	753	122	0	269	loss	1	0	-1	970	1	-1
5	137	risky	844	60	0	98	loss	0	-98	-1	970	1	-1
5	138	risky	832	103	184	0	gain	0	0	-1	731	1	1
5	139	safe	737	97	0	201	loss	0	-97	-1	731	0	-1
5	140	risky	770	0	304	60	mixed	0	-60	-2	890	1	0
5	141	safe	832	64	0	151	loss	0	-64	-2	890	0	-1
5	142	safe	740	77	0	334	loss	0	-77	-3	1066	0	-1
5	143	risky	696	0	61	24	mixed	0	61	-3	1066	1	0
5	144	risky	818	0	219	84	mixed	0	219	-1	680	1	0
5	145	safe	707	120	0	600	loss	0	-120	-1	680	0	-1
5	146	risky	910	0	303	359	mixed	0	303	-1	489	1	0
5	147	risky	651	122	598	0	gain	0	598	-1	489	1	1
5	148	safe	967	0	301	454	mixed	0	0	-1	489	0	0
5	149	risky	826	119	216	0	gain	0	216	2	808	1	1
5	150	risky	876	41	80	0	gain	0	80	2	808	1	1
6	1	risky	8683	0	63	10	mixed	0	-10	0	38019	1	0
6	2	risky	6548	119	236	0	gain	0	0	0	38019	1	1
6	3	risky	11388	99	312	0	gain	0	312	-1	2893	1	1
6	4	risky	4920	0	302	56	mixed	0	-56	-1	2893	1	0
6	5	risky	5889	0	221	48	mixed	0	-48	-1	1767	1	0
6	6	safe	1711	0	299	356	mixed	0	0	-1	1767	0	0
6	7	safe	2687	63	120	0	gain	0	63	0	3312	0	1
6	8	risky	2482	77	340	0	gain	0	0	0	3312	1	1
6	9	risky	1313	79	222	0	gain	0	222	-1	4237	1	1
6	10	risky	3219	43	0	70	loss	0	-70	-1	4237	1	-1
6	11	risky	840	101	416	0	gain	0	0	-1	2893	1	1
6	12	risky	2690	0	304	158	mixed	0	304	-1	2893	1	0
6	13	risky	5480	57	170	0	gain	0	170	1	3609	1	1
6	14	risky	6195	117	506	0	gain	0	0	1	3609	1	1
6	15	safe	1799	44	0	204	loss	0	-44	1	3609	0	-1
6	16	risky	3339	101	0	182	loss	0	-182	0	1761	1	-1
6	17	safe	1679	37	0	108	loss	0	-37	0	1761	0	-1
6	18	safe	2923	121	0	378	loss	0	-121	0	1761	0	-1
6	19	safe	3155	0	64	76	mixed	0	0	-2	2754	0	0
6	20	safe	4114	58	0	192	loss	0	-58	-2	2754	0	-1
6	21	risky	3842	59	191	0	gain	0	191	-2	2754	1	1
6	22	risky	1839	83	396	0	gain	0	396	0	2197	1	1
6	23	risky	3984	0	101	84	mixed	0	101	0	2197	1	0
6	24	safe	1262	57	0	254	loss	0	-57	0	2197	0	-1
6	25	safe	2746	42	0	147	loss	0	-42	0	2171	0	-1
6	26	risky	2941	0	220	111	mixed	0	-111	0	2171	1	0
6	27	risky	3376	37	130	0	gain	0	130	0	2171	1	1
6	28	risky	1224	116	602	0	gain	0	0	1	1356	1	1
6	29	risky	2118	56	212	0	gain	0	212	1	1356	1	1
6	30	risky	3519	100	0	165	loss	0	0	1	1356	1	-1
6	31	safe	1538	97	0	501	loss	0	-97	2	959	0	-1
6	32	risky	1818	119	378	0	gain	0	0	2	959	1	1
6	33	safe	2836	98	0	359	loss	0	-98	-1	1881	0	-1
6	34	risky	6887	83	0	179	loss	0	-179	-1	1881	1	-1
6	35	risky	972	36	114	0	gain	0	0	-1	1176	1	1
6	36	risky	4252	0	97	67	mixed	0	97	-1	1176	1	0
6	37	safe	2055	0	156	164	mixed	0	0	0	1240	0	0
6	38	risky	1016	0	158	35	mixed	0	158	0	1240	1	0
6	39	safe	1023	58	0	217	loss	0	-58	0	1240	0	-1
6	40	risky	3274	44	0	71	loss	0	-71	0	3700	1	-1
6	41	risky	1661	102	276	0	gain	1	276	0	3700	1	1
6	42	risky	2404	0	304	247	mixed	0	304	1	884	1	0
6	43	safe	5414	38	66	0	gain	0	38	1	884	0	1
6	44	risky	4757	119	263	0	gain	0	263	1	884	1	1
6	45	risky	2906	100	0	223	loss	0	0	2	5593	1	-1
6	46	risky	2634	0	104	44	mixed	0	104	2	5593	1	0
6	47	risky	900	43	142	0	gain	0	0	2	5593	1	1
6	48	risky	804	0	296	94	mixed	0	296	1	1667	1	0
6	49	risky	7162	0	224	264	mixed	0	224	1	1667	1	0
6	50	safe	1344	80	0	252	loss	0	-80	2	1556	0	-1
6	51	risky	2165	103	356	0	gain	0	0	2	1556	1	1
6	52	risky	2000	44	197	0	gain	0	0	-1	836	1	1
6	53	safe	2276	101	198	0	gain	0	101	-1	836	0	1
6	54	risky	4122	38	103	0	gain	0	0	-1	836	1	1
6	55	risky	3216	117	0	215	loss	0	0	0	2517	1	-1
6	56	risky	2745	42	88	0	gain	0	0	0	2517	1	1
6	57	risky	4050	80	0	156	loss	0	0	0	2517	1	-1
6	58	safe	4801	98	165	0	gain	0	98	1	1145	0	1
6	59	risky	4523	104	502	0	gain	0	502	1	1145	1	1
6	60	risky	2626	0	100	23	mixed	0	100	1	1145	1	0
6	61	safe	2020	0	59	89	mixed	0	0	2	927	0	0
6	62	safe	1931	0	96	117	mixed	0	0	2	927	0	0
6	63	safe	1416	77	0	334	loss	0	-77	1	1456	0	-1
6	64	safe	1401	97	0	282	loss	0	-97	1	1456	0	-1
6	65	risky	3129	102	0	198	loss	0	-198	1	1456	1	-1
6	66	safe	1867	122	0	505	loss	0	-122	0	3611	0	-1
6	67	risky	3273	0	104	98	mixed	0	104	0	3611	1	0
6	68	risky	2041	99	218	0	gain	0	218	2	2511	1	1
6	69	risky	1201	0	58	29	mixed	0	-29	2	2511	1	0
6	70	safe	5182	63	0	134	loss	0	-63	1	1679	0	-1
6	71	safe	3177	124	218	0	gain	0	124	1	1679	0	1
6	72	safe	584	77	0	287	loss	0	-77	1	1261	0	-1
6	73	risky	2418	82	291	0	gain	0	0	1	1261	1	1
6	74	risky	3964	44	0	102	loss	0	0	0	1136	1	-1
6	75	risky	3794	82	0	148	loss	0	0	0	1136	1	-1
6	76	safe	2515	36	0	89	loss	0	-36	2	1383	0	-1
6	77	risky	265	117	435	0	gain	0	0	2	1383	1	1
6	78	risky	6888	57	0	164	loss	0	-164	2	1383	1	-1
6	79	safe	2396	0	57	63	mixed	0	0	-1	1026	0	0
6	80	risky	1278	0	297	121	mixed	0	-121	-1	1026	1	0
6	81	risky	5505	0	296	297	mixed	0	-297	-1	1026	1	0
6	82	risky	3784	0	61	36	mixed	0	61	0	1676	1	0
6	83	risky	1794	77	0	136	loss	0	0	0	1676	1	-1
6	84	risky	2456	119	0	264	loss	0	-264	1	3992	1	-1
6	85	safe	4586	101	0	313	loss	0	-101	1	3992	0	-1
6	86	risky	1296	96	244	0	gain	0	0	1	3992	1	1
6	87	safe	9041	0	98	197	mixed	0	0	1	5878	0	0
6	88	safe	1707	103	0	252	loss	0	-103	1	5878	0	-1
6	89	safe	1719	0	99	149	mixed	0	0	1	5878	0	0
6	90	safe	5513	36	69	0	gain	0	36	-1	1086	0	1
6	91	safe	2391	61	105	0	gain	0	61	-1	1086	0	1
6	92	safe	857	64	0	304	loss	0	-64	-1	1086	0	-1
6	93	safe	5282	118	0	299	loss	0	-118	0	4927	0	-1
6	94	risky	6335	79	181	0	gain	0	0	0	4927	1	1
6	95	risky	2827	123	0	198	loss	0	0	-2	1551	1	-1
6	96	risky	1180	0	159	86	mixed	0	-86	-2	1551	1	0
6	97	risky	1852	0	56	46	mixed	0	-46	0	7386	1	0
6	98	risky	2467	0	220	224	mixed	0	220	0	7386	1	0
6	99	safe	3255	99	178	0	gain	0	99	2	941	0	1
6	100	safe	1427	59	0	102	loss	0	-59	2	941	0	-1
6	101	safe	3837	83	0	197	loss	0	-83	2	941	0	-1
6	102	safe	1837	0	217	436	mixed	0	0	-1	843	0	0
6	103	risky	3683	0	220	70	mixed	0	220	-1	843	1	0
6	104	safe	747	61	104	0	gain	0	61	1	1050	0	1
6	105	safe	2730	0	160	190	mixed	0	0	1	1050	0	0
6	106	safe	1027	83	144	0	gain	0	83	-1	1258	0	1
6	107	safe	1506	0	300	603	mixed	0	0	-1	1258	0	0
6	108	safe	2397	84	161	0	gain	0	84	0	704	0	1
6	109	safe	852	120	0	432	loss	0	-120	0	704	0	-1
6	110	risky	1251	64	301	0	gain	0	301	-1	1932	1	1
6	111	risky	1520	43	166	0	gain	0	166	-1	1932	1	1
6	112	risky	5107	39	0	77	loss	0	-77	-1	1932	1	-1
6	113	safe	1632	123	0	597	loss	0	-123	-1	1352	0	-1
6	114	risky	3292	81	196	0	gain	0	0	-1	1352	1	1
6	115	safe	789	0	60	119	mixed	0	0	-1	1352	0	0
6	116	risky	164	0	297	198	mixed	0	297	-2	1108	1	0
6	117	risky	1374	0	64	19	mixed	0	64	-2	1108	1	0
6	118	safe	4612	119	0	334	loss	0	-119	-2	1108	0	-1
6	119	risky	441	0	158	134	mixed	0	158	-1	5816	1	0
6	120	risky	224	0	56	23	mixed	0	56	-1	5816	1	0
6	121	safe	6709	62	0	151	loss	0	-62	1	992	0	-1
6	122	risky	1360	0	161	45	mixed	0	-45	1	992	1	0
6	123	risky	223	0	156	68	mixed	0	-68	1	992	1	0
6	124	safe	2146	40	0	165	loss	0	-40	-1	928	0	-1
6	125	risky	4720	0	219	146	mixed	0	-146	-1	928	1	0
6	126	risky	1186	0	161	102	mixed	0	161	-1	820	1	0
6	127	safe	1117	123	201	0	gain	0	123	-1	820	0	1
6	128	safe	3741	101	0	422	loss	0	-101	-1	820	0	-1
6	129	risky	3362	59	0	116	loss	0	-116	-1	1713	1	-1
6	130	risky	3963	0	216	327	mixed	0	-327	-1	1713	1	0
6	131	risky	2562	57	146	0	gain	0	0	-1	1713	1	1
6	132	risky	54	58	250	0	gain	0	250	-1	3406	1	1
6	133	risky	2451	40	83	0	gain	0	0	-1	3406	1	1
6	134	risky	56	116	340	0	gain	0	0	-1	3406	1	1
6	135	risky	3118	124	0	244	loss	0	-244	-1	994	1	-1
6	136	safe	1001	0	300	453	mixed	0	0	-1	994	0	0
6	137	safe	558	77	0	225	loss	0	-77	0	548	0	-1
6	138	risky	2346	0	100	51	mixed	0	-51	0	548	1	0
6	139	safe	5850	0	158	242	mixed	0	0	0	548	0	0
6	140	risky	1415	0	222	85	mixed	0	222	-1	1771	1	0
6	141	safe	2947	36	0	129	loss	0	-36	-1	1771	0	-1
6	142	risky	3290	119	299	0	gain	0	299	-1	1771	1	1
6	143	safe	6930	78	130	0	gain	0	78	1	1182	0	1
6	144	risky	5721	59	0	110	loss	0	-110	1	1182	1	-1
6	145	risky	641	0	221	177	mixed	0	221	1	1182	1	0
6	146	safe	1530	0	161	323	mixed	0	0	1	1031	0	0
6	147	risky	336	0	99	30	mixed	0	-30	1	1031	1	0
6	148	risky	190	61	133	0	gain	0	0	1	1031	1	1
6	149	risky	26	76	255	0	gain	0	255	-2	823	1	1
6	150	safe	1139	80	0	396	loss	0	-80	-2	823	0	-1
